 head
  1.448521535120947E+053
  4.814230587308302E+052
  2.034030414474128E+052
  8.748393604865379E+052
  3.338180126635597E+053
  1.488695355209336E+052
  1.983854282136434E+052
  1.351019989110744E+054
  8.544066744421753E+051
  1.888844436004444E+054
  6.285475458078552E+050
  1.645505900063245E+053
  6.002423044883405E+053
  7.508741827834174E+051
  4.746397692606670E+054
  1.426853621567904E+052
  2.433525944883770E+053
  9.314403740495041E+052
  1.643924051514718E+053
  1.662103007273963E+052
  9.408186837083352E+052
  1.882287523104342E+051
  1.320156507244843E+052
  1.072310280813252E+053
  6.783458381346105E+052
  7.797754225034352E+051
  7.918240741173146E+053
  2.468538655656278E+053
  1.462117971061748E+053
  5.582992541550044E+052
  1.898511115352492E+053
  2.945727664117651E+052
  9.191201084590990E+051
  2.658983216212707E+052
  2.290199906330712E+053
  1.162948478620491E+052
  7.881997297925094E+052
  4.053232439205268E+053
  8.092655955557115E+053
  1.462552086935511E+052
  1.266643055310156E+053
  1.608148546644938E+053
  1.793613399804694E+052
  1.356969075121114E+053
  3.818524908736952E+052
  4.707461542053090E+052
  8.327435805182948E+052
  9.306922056990888E+052
  2.600092127687103E+052
  9.878162662355002E+052
  5.992841115550652E+052
  2.661333664927107E+053
  2.772776870997105E+051
  2.128951648266951E+052
  2.640020852175949E+053
  1.204166420469216E+054
  1.357382869125714E+052
  4.307597135852083E+052
  1.581826353366194E+053
  3.495286553866017E+052
  8.032496223817108E+052
  2.425582739163790E+052
  2.996042188868433E+052
  4.357622155579819E+053
  5.615461544606322E+052
  9.125697349727453E+052
  5.521724795923266E+052
  7.219548335391297E+051
  3.943321511937340E+051
  7.560977144504749E+052
  2.057028843944972E+052
  1.260250415842603E+052
  6.618670308427583E+051
  1.035170407377551E+052
  1.169077235995681E+053
  3.434476635760535E+052
  5.573955794494047E+053
  2.510031047345732E+053
  4.214600665911512E+053
  2.284139405070280E+053
  1.524731682525820E+052
  2.388148777966008E+052
  1.455143536572634E+052
  4.263412536422953E+052
  2.487858987867142E+051
  4.517178759991170E+052
  1.512858483322637E+052
  2.754975910999502E+053
  9.161048874321120E+052
  1.816851595453279E+052
  3.950999161362368E+052
  1.610823618925461E+053
  1.793918338040309E+053
  3.875616826536607E+052
  9.160673642467839E+051
  6.194360661932947E+052
  1.558808419921607E+052
  6.035252817235183E+052
  2.048981957455652E+053
  5.853163448539503E+051
  3.449600100370356E+052
  9.028973914005610E+052
  2.252743398306240E+052
  8.079355214221229E+052
  6.215669495449305E+051
  4.843711618036329E+052
  1.160916924384175E+052
  1.596355898192183E+053
  1.015246774447481E+053
  3.202551478466099E+052
  2.853505330762203E+052
  1.327662510766291E+053
  2.023994043410555E+052
  1.563727058971664E+052
  1.001941617655215E+052
  4.153608541746858E+053
  6.743350847817437E+051
  1.996785461557954E+053
  4.521433456551977E+051
  6.842784746874800E+051
  6.837435307175880E+052
  2.092401552228142E+053
  2.097774520007997E+051
  1.722253920511518E+052
  3.788444047393190E+053
  3.371167821660280E+053
  5.789742781468894E+052
  1.325282233133383E+052
  8.984896547134048E+052
  8.334539379547024E+052
  7.480590398496643E+052
  1.283565402104680E+053
  1.185982971960971E+053
  2.265419808590959E+053
  2.121451690115407E+053
  1.066307865983723E+052
  3.771688519626654E+053
  1.369986462932537E+054
  1.439149701925166E+052
  4.405145955057848E+052
  3.690837697411529E+052
  5.994299376813225E+052
  8.208709458071583E+052
  2.278922933146742E+052
  1.150323667978816E+054
  1.971262971287335E+053
  8.231022851224205E+052
  2.070487692299454E+052
  1.677566464081182E+053
  4.338141773148564E+051
  4.175143049420991E+053
  1.572157055390198E+053
  1.628632940245846E+052
  2.676010029356093E+053
  8.056066795386817E+052
  4.361152367264513E+053
  6.300400275444697E+051
  7.930150649465557E+052
  7.985374967901807E+053
  1.846198559200228E+052
  2.193414700817466E+052
  3.210479020507418E+051
  3.024748779866616E+052
  2.912921398286754E+053
  7.869148999703620E+051
  2.030206946723414E+053
  5.656037518169125E+052
