 head
  2.473706514405331E-006
  1.511170126788191E-006
  7.764646799401387E-007
  9.551631708536438E-007
  1.011831785836859E-005
  1.238272527815375E-006
  6.051701432625883E-006
  1.510614017295897E-005
  4.031982396872883E-007
  5.333479021051166E-005
  6.432629865952898E-007
  3.459936591432626E-005
  4.762624045845268E-006
  9.625470430725909E-006
  3.361679775193803E-005
  5.585681588895761E-007
  1.451967949031411E-005
  2.061409801090436E-006
  3.714261157717730E-006
  1.165925556026715E-006
  3.773091708163587E-006
  4.341716969850937E-007
  7.372932034936312E-007
  1.942353920616931E-006
  3.493680898722960E-006
  4.221581788489690E-006
  1.644510785692943E-005
  1.004348155629790E-005
  2.996138037634592E-006
  9.244684488695491E-007
  2.813720227549893E-006
  4.123280721335166E-007
  9.672594743871101E-007
  1.203580713494182E-006
  1.004167703453485E-005
  5.620457206234032E-007
  1.409748154249071E-006
  1.868169942097049E-005
  2.525923646964457E-006
  6.480064611004075E-007
  9.827507888002451E-006
  1.739988716165731E-006
  9.670633223223434E-007
  2.028466363787493E-006
  5.619888628717467E-006
  3.224319214954614E-006
  4.292454587860162E-006
  2.625803719514420E-006
  1.092636082409501E-006
  2.318231758148243E-006
  4.430502889495211E-006
  2.298116145531580E-006
  5.873623717504439E-007
  1.755587553953617E-007
  1.798541816664113E-006
  1.694063636761699E-005
  1.474055414150519E-005
  3.121007464348601E-006
  1.477384054172046E-006
  6.679917468534658E-007
  1.281649533695204E-006
  2.372772177125558E-006
  4.677445049414168E-007
  2.009200926752279E-005
  8.510004292053436E-007
  1.953223245325346E-006
  1.063188519341763E-006
  2.520203871647927E-007
  4.888140738608244E-007
  1.131777444702180E-006
  1.331414520112085E-006
  3.441927179381695E-007
  4.110632478440196E-007
  4.280100260641017E-007
  3.723048872440666E-006
  9.821176491908179E-007
  9.792784512662014E-006
  4.178550107409430E-006
  4.024746027844171E-006
  1.473764563736947E-005
  6.392642139561697E-007
  5.020819776451624E-007
  1.756237887752206E-007
  1.755360131117651E-006
  5.477635541483416E-008
  3.438311431778756E-006
  2.521441313698312E-007
  6.798625015844495E-006
  7.302914678857322E-007
  3.425567350677365E-007
  1.553752067228945E-006
  1.224114969571835E-005
  2.990302849977989E-006
  2.423783708211105E-006
  3.834073309491813E-007
  1.129324580953583E-006
  5.586197330526476E-007
  2.870721511682314E-006
  1.405098280549644E-006
  1.218988213489416E-006
  7.742146879916537E-006
  8.749641431584941E-007
  7.470993553271186E-007
  2.557123212065246E-006
  2.142123352046706E-007
  8.992025799900485E-007
  5.633188628435054E-007
  1.428997471984032E-006
  3.899378744090538E-006
  1.262308549324672E-006
  1.588419329426100E-006
  1.146235818411976E-005
  6.164938757912619E-007
  1.531127162406068E-006
  2.034405182536029E-006
  1.331517898534593E-005
  8.103291153417683E-007
  8.488387158696228E-006
  6.229693348914236E-007
  7.035272304624016E-007
  6.568001517941909E-007
  5.555113895724004E-006
  1.300358899086346E-006
  3.724497833196816E-007
  6.087792142056819E-006
  1.562510936512739E-005
  1.019768832644010E-006
  2.119256248479652E-006
  1.952521447811770E-006
  3.868907126716601E-006
  1.292170142069720E-006
  2.063997206823345E-006
  4.818749530359899E-006
  3.433549623728804E-006
  4.881350822625747E-006
  2.622208305105711E-007
  4.578494979347632E-006
  2.274521197357574E-004
  8.450832275483541E-007
  1.815539453176715E-006
  1.410094453184921E-006
  1.974394772985521E-006
  1.435730686605649E-006
  1.960136393820250E-006
  8.778998097831075E-006
  2.150226118490227E-006
  2.840234158441180E-006
  1.335929503957794E-006
  2.141525407626113E-006
  2.002285607971554E-007
  4.431337902919691E-006
  1.908148869324996E-006
  6.289511159075166E-007
  4.002100772545483E-006
  1.716125002215952E-006
  5.157197564613787E-006
  2.157141744789331E-007
  2.072286897079445E-006
  2.686094522541546E-005
  8.457109400592484E-007
  1.017180871435106E-006
  2.655889751308086E-007
  4.515244133738704E-006
  3.532435137635016E-006
  3.751512904587266E-007
  3.169313289151815E-006
  2.913786086319112E-006
