 index
   46.0400000000000     
   46.1200000000000     
   46.2000000000000     
   46.2800000000000     
   46.3600000000000     
   46.4400000000000     
   46.5200000000000     
   46.6000000000000     
   46.6800000000000     
   46.7600000000000     
   46.8400000000000     
   46.9200000000000     
   47.0000000000000     
   47.0800000000000     
   47.1600000000000     
   47.2400000000000     
   47.3200000000000     
   47.4000000000000     
   47.4800000000000     
   47.5600000000000     
   47.6400000000000     
   47.7200000000000     
   47.8000000000000     
   47.8800000000000     
   47.9600000000000     
   48.0400000000000     
   48.1200000000000     
   48.2000000000000     
   48.2800000000000     
   48.3600000000000     
   48.4400000000000     
   48.5200000000000     
   48.6000000000000     
   48.6800000000000     
   48.7600000000000     
   48.8400000000000     
   48.9200000000000     
   49.0000000000000     
   49.0800000000000     
   49.1600000000000     
   49.2400000000000     
   49.3200000000000     
   49.4000000000000     
   49.4800000000000     
   49.5600000000000     
   49.6400000000000     
   49.7200000000000     
   49.8000000000000     
   49.8800000000000     
   49.9600000000000     
   50.0400000000000     
   50.1200000000000     
   50.2000000000000     
   50.2800000000000     
   50.3600000000000     
   50.4400000000000     
   50.5200000000000     
   50.6000000000000     
   50.6800000000000     
   50.7600000000000     
   50.8400000000000     
   50.9200000000000     
   51.0000000000000     
   51.0800000000000     
   51.1600000000000     
   51.2400000000000     
   51.3200000000000     
   51.4000000000000     
   51.4800000000000     
   51.5600000000000     
   51.6400000000000     
   51.7200000000000     
   51.8000000000000     
   51.8800000000000     
   51.9600000000000     
   52.0400000000000     
   52.1200000000000     
   52.2000000000000     
   52.2800000000000     
   52.3600000000000     
   52.4400000000000     
   52.5200000000000     
   52.6000000000000     
   52.6800000000000     
   52.7600000000000     
   52.8400000000000     
   52.9200000000000     
   53.0000000000000     
   53.0800000000000     
   53.1600000000000     
   53.2400000000000     
   53.3200000000000     
   53.4000000000000     
   53.4800000000000     
   53.5600000000000     
   53.6400000000000     
   53.7200000000000     
   53.8000000000000     
   53.8800000000000     
   53.9600000000000     
