 head
  1.026140289806446E+052
  9.115417934047621E+051
  3.365948034095879E+051
  1.683950614597663E+052
  1.342898588310815E+052
  9.629322416869572E+050
  1.749847949226192E+051
  4.326199526297358E+052
  3.459991071944377E+051
  3.583516310382389E+052
  3.939840456293857E+049
  2.291662761772298E+051
  1.768528766813343E+052
  3.949915030592238E+050
  3.189376901879933E+053
  2.660305060770576E+051
  1.084860592853936E+052
  1.604643561856854E+052
  1.881868306944490E+052
  1.232451912228342E+051
  2.780284296872567E+052
  1.346103467121443E+050
  1.132593928376510E+051
  4.505646504501926E+051
  1.370911362588201E+051
  4.256711627313010E+050
  1.667651535815607E+052
  2.800826221088172E+051
  2.231991269126841E+052
  7.001725550698044E+051
  1.989641068955612E+052
  1.123778324352901E+052
  6.002571196462756E+051
  3.531469193283162E+051
  7.229817366260810E+051
  1.713453333885846E+051
  1.419213699737329E+053
  4.780588559061885E+051
  1.798361982545646E+053
  1.235547959804561E+052
  1.365017785005516E+052
  1.272356908461778E+052
  1.739688326613251E+051
  4.407704556338992E+052
  3.663654893238417E+051
  5.492907604115385E+051
  4.169611535321538E+051
  7.175867086654475E+051
  2.316347228316088E+051
  5.117718279568520E+051
  1.016665835255769E+051
  3.598473777883453E+052
  3.153116935271622E+050
  2.219562337078287E+052
  3.200511537379941E+052
  5.226127972976740E+052
  5.924936002487922E+050
  8.860099859175624E+050
  4.520509509084906E+052
  5.867318645171102E+051
  3.768604276896050E+052
  4.604259080458531E+051
  8.236417477743138E+051
  1.465056490415115E+053
  9.881529025246611E+051
  3.633651576170808E+051
  5.559357392231391E+051
  6.162843151358939E+051
  4.984947108889250E+050
  8.306610584443970E+051
  1.334557650581048E+052
  3.870610340132636E+051
  1.000733836322215E+051
  2.513965706941735E+051
  2.719150259414124E+052
  3.878444932558982E+051
  2.480697982700382E+052
  1.490444705245611E+052
  1.482341834505054E+052
  2.201959099970845E+051
  2.018500875096833E+051
  5.479940262512605E+051
  5.316043039770172E+052
  9.762781340664402E+052
  3.971622357949662E+051
  1.886326068814815E+052
  1.022122639895938E+052
  2.348313422414136E+053
  2.060529336059711E+052
  4.548754274034391E+051
  6.864699924788791E+051
  2.061462026953856E+051
  1.641793702350986E+053
  1.189604237245529E+052
  1.722670930972561E+051
  5.235531805717645E+051
  2.131254155446696E+051
  1.706373951290605E+051
  3.276007663767386E+052
  4.568035216162668E+050
  2.577571330279218E+050
  1.892049920769847E+052
  2.051941049182304E+051
  2.674943889443764E+052
  5.655570724863855E+051
  1.331765161598193E+052
  1.125401827680672E+051
  5.951468202916939E+052
  3.206284165902335E+052
  3.842279731491514E+051
  1.396477406748009E+051
  3.097352722583292E+052
  5.236644520593317E+051
  2.557179015553651E+051
  1.887025212132739E+050
  9.805833064432575E+051
  3.620934944330842E+050
  8.325219728414315E+051
  3.355956567335975E+050
  3.912867059287332E+050
  1.583537776154398E+052
  6.197619778088726E+051
  1.981024790112584E+050
  3.785968713588233E+051
  1.199835158651954E+053
  6.622113832792464E+052
  6.952464732798070E+051
  6.775850829279881E+050
  1.010104554040550E+052
  4.858962186586725E+051
  5.146619990314216E+051
  5.574106734361097E+051
  1.435443228788522E+052
  1.600729157910432E+052
  1.225985769662044E+052
  9.905462472474447E+051
  6.899505090271652E+052
  6.197889442490487E+052
  1.348128976307407E+051
  4.314505113452369E+051
  3.417143701077055E+052
  2.491484254042889E+051
  5.460055408576778E+052
  2.724177944974406E+051
  1.461999498849448E+052
  1.817176058513683E+053
  8.108445344312648E+051
  9.501825386544277E+050
  9.229346716373808E+051
  1.326860092283473E+051
  1.107203943100192E+052
  2.477259593259139E+052
  2.965985335483353E+051
  1.897239590413460E+052
  1.073886355882994E+052
  1.210001168597080E+052
  1.208987316891655E+052
  1.929383010774335E+052
  4.005162294042777E+052
  3.714820312724689E+051
  1.422760371650726E+051
  1.821359051346946E+051
  7.430230172970276E+050
  2.275234198603175E+052
  1.622659311490689E+051
  9.147709916093337E+051
  2.902756815196204E+051
