 Lp
   1.00000000000000     
   1.00000000000000     
   1.00000000000000     
   1.00000000000000     
   1.00000000000000     
   1.00000000000000     
   1.00000000000000     
   1.00000000000000     
   1.00000000000000     
   1.00000000000000     
   1.00000000000000     
   1.00000000000000     
   1.00000000000000     
   1.00000000000000     
   1.00000000000000     
   1.00000000000000     
   1.00000000000000     
   1.00000000000000     
   1.00000000000000     
   1.00000000000000     
   1.00000000000000     
   1.00000000000000     
   1.00000000000000     
   1.00000000000000     
   1.00000000000000     
   1.00000000000000     
   1.00000000000000     
   1.00000000000000     
   1.00000000000000     
   1.00000000000000     
   1.00000000000000     
   1.00000000000000     
   1.00000000000000     
   1.00000000000000     
   1.00000000000000     
   1.00000000000000     
   1.00000000000000     
   1.00000000000000     
   1.00000000000000     
   1.00000000000000     
   1.00000000000000     
   1.00000000000000     
   1.00000000000000     
   1.00000000000000     
  0.994011976047904     
  0.994011976047904     
  0.994011976047904     
  0.994011976047904     
  0.994011976047904     
  0.994011976047904     
  0.994011976047904     
  0.988023952095808     
  0.988023952095808     
  0.976047904191617     
  0.976047904191617     
  0.970059880239521     
  0.952095808383233     
  0.934131736526946     
  0.922155688622755     
  0.916167664670659     
  0.904191616766467     
  0.898203592814371     
  0.874251497005988     
  0.856287425149701     
  0.826347305389222     
  0.784431137724551     
  0.754491017964072     
  0.712574850299401     
  0.700598802395210     
  0.634730538922156     
  0.598802395209581     
  0.538922155688623     
  0.508982035928144     
  0.467065868263473     
  0.425149700598802     
  0.377245508982036     
  0.317365269461078     
  0.269461077844311     
  0.221556886227545     
  0.191616766467066     
  0.173652694610778     
  0.131736526946108     
  0.113772455089820     
  9.580838323353294E-002
  7.185628742514970E-002
  5.988023952095808E-002
  5.988023952095808E-002
  5.389221556886228E-002
  4.790419161676647E-002
  3.592814371257485E-002
  1.796407185628742E-002
  1.796407185628742E-002
  1.197604790419162E-002
  5.988023952095809E-003
  5.988023952095809E-003
  5.988023952095809E-003
  5.988023952095809E-003
  5.988023952095809E-003
  5.988023952095809E-003
  5.988023952095809E-003
