 z
   1.00000000000000     
   1.00000000000000     
   1.00000000000000     
   1.00000000000000     
   1.00000000000000     
   1.00000000000000     
   1.00000000000000     
   1.00000000000000     
   1.00000000000000     
  0.988023952095808     
  0.982035928143713     
  0.982035928143713     
  0.982035928143713     
  0.964071856287425     
  0.964071856287425     
  0.964071856287425     
  0.958083832335329     
  0.952095808383233     
  0.952095808383233     
  0.946107784431138     
  0.946107784431138     
  0.940119760479042     
  0.922155688622755     
  0.922155688622755     
  0.910179640718563     
  0.904191616766467     
  0.898203592814371     
  0.892215568862275     
  0.874251497005988     
  0.862275449101796     
  0.856287425149701     
  0.826347305389222     
  0.802395209580838     
  0.784431137724551     
  0.778443113772455     
  0.760479041916168     
  0.754491017964072     
  0.736526946107784     
  0.718562874251497     
  0.700598802395210     
  0.694610778443114     
  0.670658682634730     
  0.664670658682635     
  0.640718562874252     
  0.628742514970060     
  0.628742514970060     
  0.628742514970060     
  0.598802395209581     
  0.562874251497006     
  0.538922155688623     
  0.514970059880239     
  0.485029940119760     
  0.479041916167665     
  0.455089820359281     
  0.443113772455090     
  0.431137724550898     
  0.425149700598802     
  0.407185628742515     
  0.401197604790419     
  0.395209580838323     
  0.371257485029940     
  0.347305389221557     
  0.341317365269461     
  0.329341317365269     
  0.323353293413174     
  0.317365269461078     
  0.311377245508982     
  0.293413173652695     
  0.281437125748503     
  0.275449101796407     
  0.263473053892216     
  0.257485029940120     
  0.251497005988024     
  0.233532934131737     
  0.215568862275449     
  0.203592814371257     
  0.191616766467066     
  0.173652694610778     
  0.161676646706587     
  0.155688622754491     
  0.143712574850299     
  0.137724550898204     
  0.131736526946108     
  0.125748502994012     
  0.119760479041916     
  0.113772455089820     
  0.101796407185629     
  0.101796407185629     
  0.101796407185629     
  0.101796407185629     
  8.982035928143713E-002
  8.982035928143713E-002
  8.383233532934131E-002
  8.383233532934131E-002
  8.383233532934131E-002
  7.784431137724551E-002
  7.784431137724551E-002
  7.784431137724551E-002
  7.185628742514970E-002
  6.586826347305390E-002
