 head
   4.72330790337860     
   8.93597064658339     
   4.07888446533957     
   3.68756543416807     
   15.3698800855611     
   3.31985126000543     
   31.3128936836158     
   14.5863988475333     
   5.44239172593910     
   45.0061571835199     
   2.87542403846611     
   29.0214807653049     
   3.15925896660693     
   37.0540553424295     
   65.2823034115290     
   3.28089337193319     
   29.5177281393152     
   10.2117139997736     
   13.1843307319897     
   3.40337557361681     
   40.7886054640667     
   1.66484775690461     
   2.27782830938793     
   2.17777547369931     
   2.74031918581055     
   14.7965082273513     
   12.5833466413902     
   4.61430110594112     
   13.4064879895936     
   2.74398211553210     
   7.70140790959641     
   3.19606246555213     
   27.7595718298451     
   5.51457060782818     
   13.0592357742232     
   2.81220932621905     
   64.8925207310184     
   9.75871845985077     
   7.25444868158154     
   18.1379964815737     
   49.2649211544115     
   2.99264172183566     
   3.37854112185977     
   16.5211456793857     
   27.4903166711753     
   15.6059261213506     
   8.49252684353868     
   6.45649236887515     
   3.25870132046975     
   3.56716602679749     
   3.25034210740391     
   6.44017833287921     
   3.50438838471077     
   2.64706503401182     
   3.92855682988513     
   24.1201300974035     
   46.3963129829385     
   2.69434961209430     
   8.44109929217532     
   2.71828660034250     
   14.5708780168200     
   20.0458239875801     
   2.77382871290592     
   301.336590431262     
   3.39011395149005     
   2.19809206079096     
   2.72479689833492     
   6.31720509807218     
   2.81596539801050     
   2.89637389219014     
   33.4135654340005     
   2.83662173046864     
   2.28167683558961     
   3.30706646079926     
   29.6891254910839     
   3.23424361182443     
   14.1826512587054     
   7.10213250792673     
   3.32926660698574     
   6.59080790661043     
   2.74876619922551     
   2.83568066479547     
   11.3925986935180     
   138.401720850242     
   2.06736928031015     
   61.4047813197065     
   3.62109800554083     
   198.121468269611     
   2.75867794370269     
   1.96353528849562     
   9.07686257800904     
   7.38933750719038     
   74.9835820465402     
   29.5450876860247     
   2.29646460233062     
   2.39624962731524     
   2.32959197198114     
   3.03341465748601     
   3.89739991507232     
   4.99049189046620     
   3.24458578037157     
   3.45178139909636     
   2.05063616514991     
   27.8736622906267     
   5.67463667920228     
   6.09911164101954     
   1.85722435247245     
   10.4110596494532     
   44.6703762829602     
   5.01589885711298     
   2.90624127565237     
   128.662527954006     
   4.60390340346167     
   10.9389206440687     
   2.01512148041911     
   12.4027050492720     
   1.97629455586674     
   14.2336829149125     
   2.17304426382944     
   1.74504541255038     
   2.74410556844691     
   5.60528875690534     
   8.02493264638991     
   1.99967949028552     
   57.3933219106937     
   133.732469596571     
   3.00049465511916     
   5.40408661707619     
   6.23524673773911     
   8.59667258813188     
   2.22117040720117     
   2.31177139609968     
   21.9244818372994     
   6.55952522558308     
   9.08816892036553     
   6.18443609228525     
   21.8742315387476     
   675.667233443670     
   2.91257063526897     
   6.14108864271743     
   43.1704214415574     
   2.66672694883519     
   24.2684995722886     
   9.99673330391231     
   2.72629548133927     
   44.5823205058216     
   9.54762802588611     
   2.36976987638830     
   2.80983835052923     
   2.00065920327775     
   2.91442584559607     
   6.92338104455408     
   3.61058606428811     
   7.79881464552279     
   6.36132595752019     
   3.76836368338993     
   12.0206078322450     
   15.3103879857539     
   57.9269150382576     
   5.77469881954583     
   2.27056248241908     
   6.06072102632675     
   5.60878460360755     
   6.93748712054041     
   2.58333069891158     
   3.85748837914210     
   5.71748711125186     
