 head
   104.744664756489     
   33.8221819778689     
   38.0724036945968     
   51.8045408498158     
   131.664239435076     
   74.5980726746987     
   38.6530960298466     
   207.126383021037     
   14.8169503406231     
   237.011082697109     
   44.7421304120723     
   238.439700538573     
   301.502605274576     
   51.9536679144756     
   102.989006193679     
   34.0497599628148     
   98.3793835473069     
   40.3734339041641     
   56.3435677277979     
   68.5158326377520     
   18.5007144286291     
   52.1575255376302     
   64.7365036649093     
   178.379630414106     
   254.983500959548     
   57.0618651863568     
   261.378921293272     
   435.319729931211     
   44.6968369338825     
   67.3815214491863     
   73.0702817089803     
   25.8022536529045     
   6.96883568893655     
   43.6509312904850     
   153.786595297644     
   39.9718268041633     
   4.34487099088822     
   382.871982583176     
   69.6379217176785     
   7.14529261000481     
   39.8965741047265     
   116.284465558974     
   57.2473909561301     
   24.5560011775517     
   40.8863142315864     
   41.3217285521222     
   101.087807361503     
   81.3383976777436     
   67.0596028881833     
   129.976106563758     
   272.617634888526     
   71.3680903461616     
   33.5215339893852     
   13.2644081758195     
   91.5624690971673     
   140.468863967202     
   63.5419204406428     
   231.670563488801     
   35.0045415421554     
   49.1479998296941     
   17.5919327883429     
   23.6734811060466     
   33.7255507353515     
   13.3352602408940     
   50.2048274118518     
   177.719876266010     
   78.0380012904051     
   7.97885720828351     
   34.7173352489470     
   78.1513358999635     
   7.96930529752616     
   24.2677911010225     
   36.0316799848473     
   25.8845736024706     
   25.0802191769425     
   60.7324473394759     
   138.095259257695     
   117.670294175608     
   241.779737279022     
   447.218181631054     
   46.5128110303661     
   35.4117432106112     
   3.08312077867090     
   2.53661604831785     
   5.29913605048989     
   11.1988394319884     
   13.9263908893939     
   6.86308765549088     
   52.9450325691543     
   34.8918338340830     
   34.2354432244749     
   331.319274124556     
   7.97588690314099     
   16.4073549821116     
   33.3910943421529     
   94.2576739985876     
   47.9585901541019     
   189.273266982989     
   72.1043932451346     
   48.8524273856917     
   477.234840068239     
   50.6963820702869     
   72.8651301507211     
   18.3479528840037     
   7.54981674826040     
   29.4863459767638     
   60.6624463106550     
   27.4515278962807     
   17.4584548802110     
   50.3322967740710     
   109.310905652150     
   17.8177102010887     
   26.7813558089738     
   27.9941177420694     
   201.913899713173     
   214.714111678847     
   82.0048927358789     
   119.271831604497     
   57.3360925279633     
   80.6313950803377     
   47.8698895076345     
   198.209731439098     
   32.4079704188252     
   37.2509479773182     
   21.2142874445555     
   23.3677122874698     
   67.9733810492999     
   78.4316166133639     
   62.6285223323736     
   90.0094097350599     
   116.350383372696     
   178.564127085025     
   43.9577050542825     
   104.688967742283     
   107.422097133059     
   8.48002393743472     
   41.8619961230398     
   67.3266686550725     
   58.0300588981467     
   59.1276094126966     
   6.53268791963895     
   148.076260589629     
   11.8320515228314     
   39.2155384009921     
   644.023962767122     
   9.64609331274915     
   59.4961209368560     
   112.747614632848     
   152.430505991404     
   20.0162586880479     
   304.096802436459     
   55.1218792392177     
   34.8392811974986     
   102.633565598153     
   53.9549463013193     
   273.710182875688     
   3.58907265737902     
   27.0703381130208     
   92.7408104079951     
   29.2902181217396     
   89.5972587683553     
   8.76426992686629     
   161.006152057774     
   101.836156990511     
   29.0440004926033     
   164.320043388266     
   101.925409874029     
