 head
   2.71008362812942     
   2.20199997256534     
   2.15014297370436     
   3.98584610747743     
   1.64832505378584     
   1.41261212694767     
  0.704687723995310     
   2.31627239911934     
   2.00012379499903     
   1.24828753601094     
  0.402255538773078     
  0.660350724453140     
   3.44167319355956     
  0.366491074637045     
   2.46021107769098     
   2.17421308597733     
   1.19286580001582     
   2.47767675684450     
   2.22494139280418     
   1.54022971448712     
   1.73364287389021     
  0.865002692226507     
   1.77694995225296     
   2.74758860672358     
   1.57656020783751     
  0.557473459698984     
   1.75243563420612     
   1.46958845743538     
   2.41159030148460     
   3.22521539178602     
   2.82888549434040     
   3.92170639665612     
   1.27559662737776     
   1.89870049142380     
   1.42740599697779     
   1.94466440939607     
   2.91163571921239     
   1.25789348005089     
   6.73752100968572     
   2.01813240887581     
   1.14975848900095     
   3.60017650140042     
   1.77631226958633     
   2.98813798560958     
  0.961403274577328     
   1.41081562697325     
   1.53077236207902     
   2.13569581437779     
   1.98707348920357     
   2.36692722728414     
   1.31243437073777     
   3.82495308785931     
  0.905983089079297     
   5.91447850275241     
   4.55008378996220     
   2.04820100790224     
  0.386792999415406     
   1.38256301855424     
   4.00176149441855     
   3.12508347069109     
   3.12680138886590     
   1.24685883908778     
   3.63574439230569     
   1.24169384927969     
   3.41727234116861     
   2.53820691045685     
   2.92849295630493     
   2.40550704956779     
   1.19439474379242     
   3.29291546296291     
   1.58515999567435     
   2.72668645798439     
   1.72397019794577     
   2.14310232941612     
   1.91669713434563     
   2.42916079517215     
   2.07297585136434     
   2.49360353737830     
   3.25188822992347     
   1.15563932422202     
   2.07877611661086     
   3.06285904747656     
   4.63174777755201     
   1.90429645423487     
   3.22977494274821     
   1.33825844442253     
   3.70449800064160     
   1.92501302756344     
   4.95427413956809     
   3.36784101351123     
   1.97413432564646     
   1.12004000432183     
   2.64976504519861     
   1.51808420211573     
   2.13960904086378     
   2.98337356416197     
   2.27852811317362     
   1.67570375455623     
   4.76419289596089     
  0.906316222457043     
  0.782970207819472     
   4.31179326648704     
   2.31850826247434     
   2.03735528080743     
   2.43474847004086     
   3.05359478550097     
   1.94033218551820     
   4.11718269031426     
   1.75680597330657     
   2.01932326513383     
   1.67478403507338     
   1.07837958645414     
   2.46454676108636     
   1.28895349857392     
  0.901391322233278     
   1.53448382838604     
   1.20168272728648     
   1.48640683897790     
   1.12783664863818     
   1.30534746762515     
   4.54329035450766     
   1.93545125329429     
  0.530216717397333     
   3.09437081007610     
   2.35938021299813     
   1.29510453002838     
   3.08120492007768     
   1.00501040904672     
   2.52042760252702     
   1.62373418867580     
   3.00243280976179     
   2.87722940205416     
   1.66018954593091     
   2.69862315455006     
   2.10395855455986     
   2.93875734942890     
   2.82888265874663     
  0.522946613509266     
   1.71799395826457     
   1.89554961129482     
   2.02412828818674     
   2.07733772093267     
   2.93506782288841     
   1.34387269658058     
   3.09259905286895     
   3.44604552549110     
   1.93050483235727     
   1.58709131905277     
   3.19307973802844     
   2.06107732743795     
   3.03216338645571     
   3.34279780368167     
   2.17237833575205     
   2.63826110182715     
   2.59613953912135     
   2.79704276812779     
   2.44354575302566     
   2.29306798570714     
   1.32576427818436     
   1.94680917988341     
   1.90586702862533     
   1.48605928551167     
  0.977540708531618     
   2.97712597352281     
   1.99451172191796     
   2.70196765591236     
   1.61547662301642     
