 head
  7.092672572820996E+052
  1.393014594360757E+053
  4.100216981728399E+053
  8.970018273000834E+053
  8.445986327727870E+051
  2.145818741674194E+052
  6.916617520558210E+052
  4.888481551139715E+052
  5.891791436281560E+053
  8.500387494070988E+051
  1.704149488535063E+052
  3.353209861950520E+051
  1.430787976052819E+052
  2.860874950996082E+052
  1.609200957844820E+052
  4.715698345610268E+052
  3.890019510423935E+052
  2.622356476610051E+053
  2.927053026444662E+053
  2.011487423170405E+052
  1.767934549950724E+052
  2.555187052359597E+051
  8.340621661115373E+051
  1.578519394643427E+053
  5.319512909426274E+051
  4.302478737861629E+051
  1.119464479409658E+053
  5.330866216358850E+051
  2.306116309129374E+052
  6.951870394692060E+052
  1.905874186302471E+052
  3.549715147422635E+054
  3.181880103579563E+053
  1.372377608963369E+054
  2.619380728536038E+052
  3.623595214373366E+054
  2.398981328742195E+053
  1.836163584713546E+053
  3.749979874372401E+053
  3.059851998415683E+052
  1.437579400936764E+054
  3.614370646659217E+052
  1.083965365975898E+053
  3.396749775058820E+054
  1.301851461328962E+052
  1.354204742406411E+053
  3.829411060687317E+053
  5.245784693427884E+051
  7.164631941400814E+052
  6.856418117754122E+051
  8.948506147174735E+053
  6.823577268638317E+052
  5.322544830837114E+050
  1.948124211829414E+052
  9.233570726718017E+051
  1.302239032529504E+052
  6.748659832269838E+051
  2.137232053290870E+053
  2.697478938252933E+052
  8.255284039103226E+050
  1.071254415570145E+052
  1.631813098079642E+052
  9.748508106158544E+052
  1.882648233420874E+052
  1.305192567193250E+053
  1.090258233049113E+053
  1.368260083435287E+053
  3.922310639768722E+053
  1.570572115767709E+052
  7.931278842612601E+054
  2.431482511474748E+052
  6.540799202514796E+051
  1.385254037717770E+053
  1.982596454583966E+052
  5.194215942766782E+051
  6.712671342448069E+052
  6.865388327335566E+053
  5.755299087596779E+052
  2.044323152483992E+052
  2.947948128005247E+052
  3.943948788511038E+052
  1.443289563026532E+053
  5.674626839235606E+051
  1.262087455012504E+053
  2.718247642629851E+053
  5.923531589492664E+052
  1.312105356389734E+053
  1.305207969017846E+054
  2.043251990880471E+052
  7.701052477606773E+052
  6.214535900997316E+051
  8.524786030133754E+051
  3.750965608469975E+053
  1.108616027885059E+053
  2.175127985617420E+053
  3.862029785842659E+052
  6.609389031759748E+051
  1.934721939984605E+054
  7.639063081473887E+053
  8.708279546924399E+052
  1.328308473345461E+052
  3.329988451240485E+052
  9.530010348438144E+052
  3.619463869478161E+051
  8.604269050497350E+052
  6.668622695167450E+052
  6.231133565559724E+051
  1.231286988651790E+052
  8.933298984078649E+050
  4.780398196568891E+051
  1.154714127929401E+053
  1.147584577402484E+053
  2.234383593159448E+053
  1.522911093049970E+052
  4.854533781402773E+052
  2.798362824152005E+055
  2.154557242008035E+053
  4.504531659894434E+051
  4.216945789962659E+052
  2.228779408153367E+052
  1.708016150914708E+051
  2.600454501153610E+051
  1.304579533235778E+053
  4.515935381528344E+051
  3.151742157679041E+052
  3.182956536313723E+051
  4.482616874755509E+053
  4.396164460100506E+055
  1.170277287506892E+054
  7.458802627506226E+051
  1.122727688774708E+053
  6.645855068933402E+053
  1.199107183255338E+052
  2.800218797456075E+053
  1.118886199628284E+052
  4.324144012376867E+051
  1.227152177168577E+053
  5.880421666721807E+052
  1.627421252352649E+055
  2.032448914102700E+052
  3.024639268453786E+052
  3.337454586034852E+052
  3.331084830681882E+053
  5.817390139241689E+053
  9.379419024944412E+053
  6.550683438264328E+052
  3.544369514792122E+052
  1.172364361436619E+053
  7.218038806032946E+051
  5.780461861305575E+052
  4.717514552706717E+052
  1.397561655778921E+052
  4.574466271268055E+052
  1.999972578308781E+052
  1.547401573571708E+052
  1.731044468431849E+053
  4.998222943491522E+052
  2.538046581180110E+052
  1.405278313457979E+052
  2.067676943565690E+052
  5.795160688872095E+052
  2.400815996222337E+052
  2.616444929186210E+054
  1.101403788522135E+052
  2.929419798664043E+052
  8.371292748752482E+051
  2.581909084482559E+052
