 head
  5.904765232317502E-006
  4.234007571768224E-005
  3.549732006833257E-006
  6.512648877396325E-006
  7.858301519454682E-007
  1.047323392379013E-006
  1.330237300652357E-006
  1.920858920034416E-006
  1.007557057084002E-005
  1.349638567161592E-006
  1.503436839760030E-006
  8.463751188525475E-008
  6.002242549682594E-006
  1.711122432758622E-006
  1.623038156440773E-006
  8.361007585636513E-007
  1.059296947312906E-006
  1.178933913026857E-005
  1.203871278133263E-005
  1.624611014831765E-006
  6.201759326178893E-007
  1.649512729517759E-007
  2.662990668454791E-007
  3.696642844022250E-006
  2.025180600534833E-007
  2.541182176416997E-007
  2.725114062522164E-005
  1.082132625550311E-006
  4.255000705512371E-007
  1.660863696318517E-006
  9.304873232874455E-007
  8.712441258953676E-005
  1.561905287080485E-005
  1.876434865525752E-005
  6.088941078519789E-007
  1.577450166385494E-005
  1.468048207658924E-006
  2.953282165904669E-006
  3.710504526842320E-006
  3.665752971504686E-006
  1.135801943807303E-005
  4.538054898498744E-006
  1.430124345645353E-006
  2.637984582045184E-005
  4.306891777441184E-007
  2.100763499105822E-006
  5.309198879664766E-006
  4.207127868084627E-007
  3.071222642880625E-006
  1.314003466116488E-006
  1.427206909089902E-005
  1.987196296536304E-006
  5.956064639080625E-008
  6.131210689735308E-007
  4.816041985542303E-007
  2.031122014160428E-006
  9.207109817790290E-008
  1.599569429113719E-006
  1.746298418306962E-006
  3.023582391277400E-007
  8.221081424588267E-007
  4.663675379622175E-007
  4.955769136378424E-006
  4.176185488281513E-007
  3.338301696643523E-006
  7.121020241801281E-006
  3.569259006110159E-006
  5.137282982317823E-006
  1.852442364970488E-005
  9.821123576298505E-005
  1.809388424551025E-006
  7.126493333846163E-006
  5.840012923199591E-006
  3.095765295445423E-005
  3.256440140697229E-007
  2.905100732622164E-006
  1.070128958970570E-005
  1.201552026686653E-005
  8.464513383476901E-007
  1.033893854495740E-006
  2.381295268263778E-007
  1.803414214241009E-006
  7.207798578994654E-007
  1.725328791677064E-006
  5.936040716353151E-006
  1.560652542072912E-005
  3.698669094055289E-006
  1.393972002357434E-005
  3.477155561457730E-006
  6.368718703883244E-006
  1.358685210936432E-007
  9.602562566686939E-008
  1.915867448218138E-006
  1.061576406973667E-006
  2.802235338024706E-006
  7.461418882668544E-007
  2.476461362889599E-007
  8.732931760482569E-006
  4.835468609539853E-006
  3.571031765092655E-006
  1.352926015776917E-006
  4.761400182121701E-006
  7.181756247722377E-006
  5.252538545398133E-008
  8.677044790413508E-007
  2.080439274392617E-006
  3.313773409324521E-007
  6.193071070775208E-007
  7.504061870531135E-007
  2.155428598356090E-006
  4.794954654700953E-006
  1.093765060096118E-006
  2.850675832785276E-006
  1.786655952136092E-006
  6.750347930845744E-006
  1.514910494918266E-004
  7.680516862295147E-006
  1.047569551906754E-006
  1.293001110707247E-006
  2.324743615791673E-006
  4.944250217826211E-008
  1.072276182332418E-007
  3.263766419453332E-006
  6.578045781074583E-007
  1.338498915730203E-006
  1.112914415551392E-007
  3.208303886893243E-006
  1.104917047736767E-004
  2.832969226579727E-005
  5.801014505995379E-007
  1.897885347589916E-006
  1.631042781971625E-005
  2.602559444362059E-007
  1.212174787179475E-005
  7.904771944106647E-007
  4.580309842714474E-006
  5.048074278573179E-006
  9.450667083386739E-007
  1.206158115770178E-004
  2.466189550961073E-006
  4.851434981983180E-006
  1.374195493299221E-005
  1.214739823488683E-005
  1.051212007596102E-005
  3.159633771230728E-005
  2.327174586090959E-006
  8.288857463364716E-007
  1.757487066945455E-006
  4.826994160980872E-006
  6.309036172850503E-006
  6.867777855958325E-007
  8.769235321940950E-007
  6.483255085347288E-007
  3.273326124950946E-007
  3.010930339126310E-007
  1.798528762213221E-006
  2.481424066767094E-006
  6.202683915089404E-007
  2.788300813743985E-007
  2.424791045255969E-006
  6.777261279119228E-007
  2.702891581176397E-007
  7.493736757969084E-006
  1.836991141405483E-006
  9.038463121480787E-007
  4.330865201782689E-007
  9.438582645347878E-007
