 head
  3.798275161385214E+051
  1.078486911401078E+052
  3.454198786550813E+052
  2.999695625196241E+053
  4.702880075748780E+050
  1.480182185699676E+051
  6.279750642342498E+052
  2.349827302325079E+051
  5.348320254982578E+052
  1.464906951731509E+051
  2.215451642236140E+051
  6.192134675897976E+051
  9.202024877612398E+050
  9.562347763303076E+050
  1.220575448229456E+052
  2.150657434561433E+052
  3.507688287485102E+052
  2.320178085082759E+052
  2.172127426343211E+052
  5.418510962784751E+051
  3.316154769439073E+051
  9.742481057262351E+050
  2.576452824920743E+051
  2.644521540879026E+052
  1.756491186512430E+051
  1.055695588329972E+051
  5.223337991012365E+050
  1.685516114322206E+050
  5.378715274174605E+051
  6.380506680296965E+051
  1.292369248599668E+051
  5.864790176476590E+053
  1.574276185693261E+052
  1.194321341863876E+053
  1.698886338534113E+052
  7.534019060026156E+053
  3.765309190000842E+052
  2.252194212439948E+052
  8.627558869109212E+052
  1.058446525497475E+051
  1.977147343063132E+053
  1.577401209850483E+052
  3.598191767331378E+052
  1.097541288428596E+053
  2.278881376636713E+052
  1.137448387925473E+052
  6.687679281885331E+051
  1.314494365478617E+051
  7.708263581042408E+051
  2.854557307850718E+050
  4.000841896877415E+053
  2.875711272499869E+051
  7.301796655416616E+050
  2.449388891862869E+051
  1.685098887946478E+051
  4.600952160799512E+050
  1.616696539179046E+052
  1.229485031150450E+053
  5.838981601679998E+051
  6.652819324174822E+049
  5.085696301838688E+051
  3.392161566085986E+051
  1.127214440080458E+052
  3.749983955686240E+051
  1.159092295130178E+052
  2.403800008102545E+051
  8.544336694918711E+051
  1.817331530096191E+052
  1.525319418116739E+050
  3.165609010652180E+053
  1.958853669025977E+051
  3.241639094005511E+050
  9.760055180843903E+051
  1.584582890964482E+051
  8.975582133487833E+050
  2.376655435500439E+051
  2.487402449096646E+052
  6.115972112003601E+050
  3.551651266058134E+051
  4.787795678002464E+051
  8.032848364683507E+052
  1.384628019639082E+052
  9.671154433865167E+050
  4.054180174802853E+052
  1.590894945612094E+052
  1.966141384794414E+051
  1.780534025710637E+052
  8.841962784621196E+053
  3.713417356475716E+050
  8.093723046885170E+050
  3.630087872097775E+051
  1.864504983233970E+052
  6.181694417456062E+052
  7.884112653639557E+052
  6.428616885373598E+052
  7.007723184698701E+051
  1.649018694027049E+051
  2.289705754643442E+053
  3.582945466888273E+052
  1.632528839200280E+052
  1.886043183077397E+051
  9.870803382414413E+050
  7.261575492589932E+050
  8.652485703887063E+051
  4.192947874871333E+052
  3.249008208142087E+051
  1.044438634904565E+051
  2.155453778852817E+051
  2.880049761901410E+049
  2.362294515092031E+050
  3.014826738424822E+051
  7.732048302595936E+052
  6.957971501555051E+051
  7.891965839435061E+051
  5.027201137415695E+051
  1.988664666760938E+054
  9.688784083236454E+052
  4.177844239466390E+050
  3.652222065830385E+051
  1.189652309686574E+051
  3.149080918333410E+051
  7.193691618706988E+051
  1.655991972194579E+053
  1.009487005218052E+051
  1.846786263143383E+051
  1.829311189371763E+051
  2.213684508222850E+053
  3.424926079494770E+054
  3.175964421052050E+052
  1.355321118993707E+051
  2.126188648840044E+052
  1.021708044484818E+052
  4.039492784688289E+051
  1.389226650995024E+052
  1.034614146918868E+051
  3.240013968290534E+049
  5.824020966523038E+052
  1.283985690450162E+052
  6.252931995114304E+054
  1.521743304022788E+051
  2.467252216646506E+051
  8.308238333590221E+050
  8.869151844459089E+052
  6.231472791874788E+052
  7.886703138251550E+051
  5.379580467119451E+051
  3.306180951842455E+051
  1.385100663417873E+052
  1.271136946449066E+050
  9.511391714597697E+050
  1.208215424870428E+052
  1.554005266874502E+051
  4.964037165116649E+052
  1.213315910041611E+052
  6.230908643739413E+051
  2.201497702134740E+052
  4.197421328417970E+051
  1.240062063289344E+052
  6.695293271983382E+051
  3.748491974195387E+050
  1.964455484190450E+052
  2.257488074766578E+052
  1.065922483678022E+054
  5.678023704035669E+050
  3.163345407975088E+051
  1.478421923837057E+051
  2.870727637916370E+051
