 z
   1.00000000000000     
   1.00000000000000     
   1.00000000000000     
   1.00000000000000     
   1.00000000000000     
   1.00000000000000     
   1.00000000000000     
  0.994011976047904     
  0.994011976047904     
  0.982035928143713     
  0.976047904191617     
  0.970059880239521     
  0.964071856287425     
  0.964071856287425     
  0.952095808383233     
  0.940119760479042     
  0.922155688622755     
  0.922155688622755     
  0.922155688622755     
  0.916167664670659     
  0.916167664670659     
  0.910179640718563     
  0.904191616766467     
  0.886227544910180     
  0.868263473053892     
  0.856287425149701     
  0.844311377245509     
  0.832335329341317     
  0.820359281437126     
  0.802395209580838     
  0.772455089820359     
  0.754491017964072     
  0.742514970059880     
  0.736526946107784     
  0.718562874251497     
  0.706586826347305     
  0.700598802395210     
  0.664670658682635     
  0.652694610778443     
  0.640718562874252     
  0.622754491017964     
  0.598802395209581     
  0.592814371257485     
  0.568862275449102     
  0.562874251497006     
  0.562874251497006     
  0.550898203592814     
  0.526946107784431     
  0.508982035928144     
  0.502994011976048     
  0.479041916167665     
  0.467065868263473     
  0.449101796407186     
  0.437125748502994     
  0.413173652694611     
  0.407185628742515     
  0.395209580838323     
  0.377245508982036     
  0.371257485029940     
  0.371257485029940     
  0.347305389221557     
  0.329341317365269     
  0.329341317365269     
  0.323353293413174     
  0.317365269461078     
  0.311377245508982     
  0.305389221556886     
  0.293413173652695     
  0.287425149700599     
  0.281437125748503     
  0.275449101796407     
  0.263473053892216     
  0.251497005988024     
  0.251497005988024     
  0.245508982035928     
  0.227544910179641     
  0.215568862275449     
  0.215568862275449     
  0.209580838323353     
  0.203592814371257     
  0.191616766467066     
  0.179640718562874     
  0.173652694610778     
  0.155688622754491     
  0.143712574850299     
  0.143712574850299     
  0.143712574850299     
  0.137724550898204     
  0.137724550898204     
  0.131736526946108     
  0.131736526946108     
  0.113772455089820     
  0.107784431137725     
  0.107784431137725     
  0.107784431137725     
  0.107784431137725     
  0.101796407185629     
  0.101796407185629     
  9.580838323353294E-002
  9.580838323353294E-002
