 Lp
   1.00000000000000     
   1.00000000000000     
   1.00000000000000     
   1.00000000000000     
   1.00000000000000     
   1.00000000000000     
   1.00000000000000     
   1.00000000000000     
   1.00000000000000     
   1.00000000000000     
   1.00000000000000     
   1.00000000000000     
   1.00000000000000     
   1.00000000000000     
   1.00000000000000     
   1.00000000000000     
   1.00000000000000     
   1.00000000000000     
   1.00000000000000     
   1.00000000000000     
   1.00000000000000     
   1.00000000000000     
   1.00000000000000     
   1.00000000000000     
   1.00000000000000     
   1.00000000000000     
   1.00000000000000     
   1.00000000000000     
   1.00000000000000     
   1.00000000000000     
   1.00000000000000     
   1.00000000000000     
   1.00000000000000     
   1.00000000000000     
   1.00000000000000     
   1.00000000000000     
   1.00000000000000     
   1.00000000000000     
   1.00000000000000     
   1.00000000000000     
   1.00000000000000     
   1.00000000000000     
   1.00000000000000     
  0.988023952095808     
  0.988023952095808     
  0.988023952095808     
  0.988023952095808     
  0.982035928143713     
  0.982035928143713     
  0.982035928143713     
  0.982035928143713     
  0.976047904191617     
  0.964071856287425     
  0.964071856287425     
  0.958083832335329     
  0.952095808383233     
  0.946107784431138     
  0.928143712574850     
  0.910179640718563     
  0.898203592814371     
  0.886227544910180     
  0.868263473053892     
  0.802395209580838     
  0.784431137724551     
  0.742514970059880     
  0.706586826347305     
  0.682634730538922     
  0.646706586826347     
  0.610778443113772     
  0.568862275449102     
  0.556886227544910     
  0.520958083832335     
  0.485029940119760     
  0.449101796407186     
  0.431137724550898     
  0.401197604790419     
  0.353293413173653     
  0.317365269461078     
  0.293413173652695     
  0.239520958083832     
  0.233532934131737     
  0.203592814371257     
  0.185628742514970     
  0.179640718562874     
  0.149700598802395     
  0.143712574850299     
  0.113772455089820     
  0.107784431137725     
  8.982035928143713E-002
  8.982035928143713E-002
  8.383233532934131E-002
  6.586826347305390E-002
  6.586826347305390E-002
  5.389221556886228E-002
  5.389221556886228E-002
  4.790419161676647E-002
  4.790419161676647E-002
  4.191616766467066E-002
  3.592814371257485E-002
  2.994011976047904E-002
