 fluence
  0.000000000000000E+000
  0.000000000000000E+000
  1.425719988594240E-004
  7.199885942400912E-002
  4.776161961790704E-002
  2.452238380382093E-002
  0.168662674650699     
  0.383090960935272     
  0.336897633304819     
  0.527658967778728     
  0.551040775591674     
  0.574707727402338     
  0.597519247219846     
  0.238665526090676     
  0.238808098089535     
  9.566581123467351E-002
  9.523809523809523E-002
  4.761904761904762E-002
  0.000000000000000E+000
  0.000000000000000E+000
