 t90
  4.435573317432508E-002
  4.435573317432508E-002
  0.266134399045950     
  8.871146634865017E-002
  0.266134399045950     
  0.310490132220276     
  0.354845865394601     
  0.665335997614876     
  0.620980264440551     
   1.02018186300948     
  0.709691730789201     
  0.887114663486502     
  0.665335997614876     
  0.443557331743251     
  0.399201598568926     
  0.266134399045950     
  0.133067199522975     
  8.871146634865017E-002
  0.133067199522975     
  0.000000000000000E+000
