 index
 -0.532606241493265     
 -0.393698741823870     
 -0.254791242154475     
 -0.115883742485080     
  2.302375718431482E-002
  0.161931256853710     
  0.300838756523105     
  0.439746256192500     
  0.578653755861895     
  0.717561255531290     
  0.856468755200685     
  0.995376254870079     
   1.13428375453947     
   1.27319125420887     
   1.41209875387826     
   1.55100625354766     
   1.68991375321705     
   1.82882125288645     
   1.96772875255584     
   2.10663625222524     
