 head
   14.3498565695393     
   209.691538260933     
   6.64526041402671     
   49.8121484423262     
   1.84802026064354     
   2.53144513025603     
   31.4892144599598     
   3.15815266194052     
   29.6443692020917     
   11.4565828154157     
   8.29685032653107     
   3.93465276406105     
   23.9088997222193     
   2.19308493675995     
   54.3234515257923     
   9.17107595871859     
   27.5548463495419     
   43.9097498236222     
   36.9420841712920     
   18.1963666250214     
   3.53907661498407     
   2.32640316799516     
   2.33266724847362     
   19.4013504320588     
   2.02539374846282     
   2.23560203285552     
   7.70896269107214     
   1.78184816565984     
   2.28406597468633     
   4.39111988215339     
   2.19721297509159     
   653.059509420891     
   34.0800773106647     
   53.8499464250099     
   10.2672274654450     
   69.4872210261087     
   3.82159447351963     
   9.79126244596241     
   20.0913737788816     
   6.05160875641379     
   40.2151308899147     
   96.5855694897597     
   10.8489955096753     
   24.6324603790974     
   22.0508609450416     
   4.50389718986561     
   2.58518776207919     
   4.21050847815529     
   12.0738097387806     
   2.81747921137141     
   212.143256750766     
   2.62075175776301     
   3.71196215859761     
   2.25174033302656     
   3.05001595690646     
   3.55412826956431     
   4.07663578613965     
   16.9505466433949     
   14.8402172064866     
   1.45761658642298     
   15.5869866787353     
   2.68809793978112     
   22.8550264283932     
   2.06773808087623     
   9.42429774645345     
   6.85413722131692     
   7.18136233893784     
   6.48388158484911     
   13.1480889771545     
   153.154195281079     
   5.95885216647017     
   25.2578072295429     
   15.9117780585274     
   187.978707550600     
   2.06513995493589     
   3.74971252547435     
   12.3318438069085     
   7.22781777166935     
   4.82391574867367     
   5.27472877199039     
   6.07205860357079     
   3.99635952590841     
   5.65517982686958     
   13.1622880285154     
   11.2910859218651     
   30.8448510019032     
   16.6074968940567     
   277.526757510329     
   3.24827770894219     
   3.05024329588167     
   1.87527043954979     
   3.49920512579576     
   5.03473284667627     
   14.5304020023799     
   20.5818107044614     
   3.33024702146048     
   1.86579241268430     
   20.2675124017084     
   4.67482807255914     
   24.5081965455580     
   8.44510695603406     
   7.09196268725842     
   2.46686753553734     
   2.38562685700009     
   8.09084374113998     
   3.25541666784473     
   1.92453907210003     
   3.74565796586946     
   1.66986779412264     
   6.58345826848180     
   4.73030541951199     
   14.2162582076255     
   2.20376311545504     
   42.6211192001158     
   35.6014362129106     
   330.137473142779     
   131.752224667169     
   5.22022826762707     
   3.42307190949175     
   5.60572506934432     
   2.46052448435144     
   9.25980220300629     
   130.492845952134     
   7.01719872830646     
   2.67100259187123     
   1.86310775122312     
   32.0988385365585     
   160.379052994727     
   30.8939045527878     
   4.19089150402768     
   9.33484462008880     
   9.49148456379003     
   2.10640837277535     
   25.1727472950567     
   2.84300900516099     
   2.43831030160279     
   90.7621532508772     
   4.83883514088793     
   1578.95283993271     
   8.67587187794392     
   20.3792972021270     
   21.6512683853813     
   130.227726907124     
   37.2743420569316     
   11.6206457590158     
   6.45257435875602     
   2.06609872205547     
   5.11487783556194     
   5.65239107561862     
   5.01389936892033     
   3.82502988796353     
   3.66859701572882     
   15.0336322474429     
   4.25355633248054     
   2.79388323153887     
   4.91705043451409     
   7.78635003285986     
   8.04562611758250     
   3.07581770853822     
   2.04718868434538     
   4.54261151098800     
   4.48770517370863     
   45.5264293417832     
   4.75178735088573     
   2.90459726739276     
   2.63918259925455     
   3.32206128917634     
