 head
   82.2972021177082     
   40.3831991207920     
   106.835000757549     
   26.1488375067253     
   85.0456208387907     
   82.7450992210989     
   8.44884398335072     
   121.644462801500     
   67.9762858312336     
   23.5609271788365     
   36.2411464734382     
   4.30215914646040     
   50.2092745330687     
   156.047073606426     
   5.97546036142483     
   18.2334278404662     
   7.68864347037462     
   53.6980473704555     
   65.1761428809045     
   17.8564330815120     
   35.0473301421128     
   14.1807985151540     
   22.8321520799618     
   38.1070674123170     
   19.9978952445355     
   22.7337615467379     
   706.998897705953     
   121.461822214194     
   37.2581243507794     
   75.6464747441164     
   84.6970533886145     
   26.6819214275880     
   91.6609004634925     
   69.6912435424176     
   11.8609256471867     
   45.4025975738127     
   76.8290941297532     
   60.3248494707137     
   36.9362948266135     
   121.149701477960     
   56.4862984987645     
   9.39696255345863     
   26.3641798795096     
   214.187664686855     
   3.90632527970264     
   93.2864766022115     
   410.739905050048     
   19.9839420341358     
   50.8741268800350     
   93.2751134995522     
   13.4551239662229     
   151.650860532668     
   3.20911926609233     
   54.4575286928787     
   31.5804379622136     
   114.296494673751     
   4.51701368520288     
   18.8733668921176     
   23.5346746480728     
   41.4866628088713     
   10.5486475276250     
   34.6987013427190     
   43.3669954563850     
   40.3937570904706     
   70.8445719024484     
   207.787501529859     
   99.4033955578983     
   158.463195698148     
   281.781233484075     
   128.251446958722     
   60.7294282188191     
   56.4300239453140     
   73.4049067516980     
   32.9374037707127     
   31.5372343933786     
   154.950584232036     
   173.555386481796     
   332.479889406271     
   35.0939519862228     
   39.2017826579397     
   7.84345285094387     
   90.2528515039486     
   25.4909615596946     
   26.2162442873037     
   105.145612342885     
   101.193715734053     
   44.5421621048616     
   10.0456764231503     
   214.092258915268     
   417.587588011885     
   14.4905522134996     
   5.48842506882372     
   76.1060221688989     
   14.6117967940569     
   27.2302119406557     
   44.8100025889150     
   26.5459474060861     
   86.1766514547335     
   206.872575182974     
   29.1415303321442     
   32.0404708388032     
   134.275951301214     
   582.257145490224     
   4.40348710024432     
   21.4490480054456     
   127.814008875858     
   34.4370603576116     
   33.0680010145435     
   89.8761194981164     
   65.4801324913130     
   202.733406385232     
   15.3875238353426     
   258.709823464547     
   8.38389974579193     
   37.9217731019390     
   91.7745253513280     
   11.6590317646591     
   40.1350093597704     
   75.5462429592504     
   82.9417635375967     
   4.01885878337801     
   2.31598074953327     
   5.00221509560841     
   18.7483525428448     
   100.224456524581     
   11.9468604520675     
   19.9901556141303     
   137.788199531655     
   183.399882118435     
   27.6839164193121     
   40.6623875346703     
   343.685494299605     
   24.7108725734221     
   96.3085016483293     
   55.6084903688797     
   375.695401828362     
   11.1237428768789     
   39.0617444414630     
   15.2779498572178     
   56.8516821284717     
   47.6114061624935     
   126.939029052641     
   18.6556250706121     
   56.4040543487269     
   543.796590439795     
   72.1316627039882     
   80.2367996735266     
   68.7205881918144     
   170.794769732120     
   251.661858710541     
   35.9096689809907     
   47.8070242348426     
   8.62500156800100     
   15.3910086952677     
   21.5537307009634     
   73.1547819639542     
   63.7377990019719     
   15.4187724471421     
   18.1304685645309     
   236.889844477753     
   29.8386127130876     
   12.0457627074585     
   32.9203799477043     
   77.3179019075031     
   62.2355685791439     
   32.8197465609690     
   56.8236514846963     
