 index
  2.099500004725996E-002
  6.098500004678499E-002
  0.100975000046310     
  0.140965000045835     
  0.180955000045360     
  0.220945000044885     
  0.260935000044410     
  0.300925000043935     
  0.340915000043460     
  0.380905000042985     
  0.420895000042510     
  0.460885000042035     
  0.500875000041560     
  0.540865000041085     
  0.580855000040610     
  0.620845000040135     
  0.660835000039660     
  0.700825000039185     
  0.740815000038710     
  0.780805000038235     
  0.820795000037760     
  0.860785000037285     
  0.900775000036810     
  0.940765000036335     
  0.980755000035861     
   1.02074500003539     
   1.06073500003491     
   1.10072500003444     
   1.14071500003396     
   1.18070500003349     
   1.22069500003301     
   1.26068500003254     
   1.30067500003206     
   1.34066500003159     
   1.38065500003111     
   1.42064500003064     
   1.46063500003016     
   1.50062500002969     
   1.54061500002921     
   1.58060500002874     
   1.62059500002826     
   1.66058500002779     
   1.70057500002731     
   1.74056500002684     
   1.78055500002636     
   1.82054500002589     
   1.86053500002541     
   1.90052500002494     
   1.94051500002446     
   1.98050500002399     
   2.02049500002351     
   2.06048500002304     
   2.10047500002256     
   2.14046500002209     
   2.18045500002161     
   2.22044500002114     
   2.26043500002066     
   2.30042500002019     
   2.34041500001971     
   2.38040500001924     
   2.42039500001876     
   2.46038500001829     
   2.50037500001781     
   2.54036500001734     
   2.58035500001686     
   2.62034500001639     
   2.66033500001591     
   2.70032500001544     
   2.74031500001496     
   2.78030500001449     
   2.82029500001401     
   2.86028500001354     
   2.90027500001306     
   2.94026500001259     
   2.98025500001211     
   3.02024500001164     
   3.06023500001116     
   3.10022500001069     
   3.14021500001021     
   3.18020500000974     
   3.22019500000926     
   3.26018500000879     
   3.30017500000831     
   3.34016500000784     
   3.38015500000736     
   3.42014500000689     
   3.46013500000641     
   3.50012500000594     
   3.54011500000546     
   3.58010500000499     
   3.62009500000451     
   3.66008500000404     
   3.70007500000356     
   3.74006500000309     
   3.78005500000261     
   3.82004500000214     
   3.86003500000166     
   3.90002500000119     
   3.94001500000071     
   3.98000500000024     
