 head
   1.20359402923109     
  0.563255398349352     
   3.50011952565398     
   3.37226274716664     
   1.36774806548871     
   1.85387156525308     
   2.83544653682225     
   1.92364282116387     
   2.08530054314959     
   1.03017603830362     
   1.35573545663882     
   2.97224598649683     
  0.614589306987272     
   1.60790214677307     
   1.26618688407678     
   3.15779957375151     
   2.46648192578638     
   1.37551671239076     
   1.41831777927910     
   1.40506794359928     
   2.28695343982368     
   1.70344515058419     
   2.52647351214172     
   2.19207229805262     
   2.30162999356401     
   1.78908197265896     
  0.649402133750056     
  0.920193176005049     
   3.34498558765866     
   2.47146026926995     
   1.87164462463311     
   1.20417504192777     
   1.26752058628076     
   2.03246493385349     
   2.84639856376212     
   3.71995373736792     
   5.02933609195437     
   2.69965067315742     
   3.24895691042495     
   1.09537063656669     
   2.88436753210044     
   1.05053404172122     
   3.37575673414109     
   2.46036389244852     
   2.41899678858604     
   2.91774408638825     
   2.58657860140213     
   1.50379883459888     
   1.73671545624458     
  0.941678237149045     
   2.00786649784779     
   2.19556789605406     
   1.20123428441847     
   2.42348976129661     
   1.88166747545476     
   1.01910974485051     
   4.41043746002213     
   4.42863888961873     
   1.54716599123148     
  0.671676411877684     
   1.50394383168494     
   2.60652826069309     
   1.50725049253735     
   3.02294858673391     
   2.14571962436581     
   1.29064813601175     
   2.10370846357092     
   2.67105245288564     
  0.368311530489810     
   1.55944813048568     
   1.44624550501355     
  0.398344193370636     
   1.58593702286410     
  0.316254913277663     
   1.72481006450078     
   1.74305212829571     
   2.14404715950188     
  0.766578678589484     
   2.04847789967559     
   2.18340278440851     
   6.98758690664478     
   3.32922922211956     
   1.17218711375862     
   3.21069781754238     
   2.07690183569419     
  0.679413280573764     
   2.02219767719887     
   2.40265686343765     
  0.945462218295615     
   1.19440024270249     
   3.23217265844284     
   5.00202506828638     
   5.27124081481745     
   4.19571470638967     
   3.02396092164461     
   3.06542817458143     
   2.31155900439104     
   4.09941947402983     
   3.85146638776238     
   1.73156071927305     
   1.27468667183600     
  0.990114280707487     
   1.21831040234396     
   4.26336365772430     
   4.22616969115161     
   2.11360218545683     
   1.88610378285152     
   1.89439214426978     
  0.448779991705771     
  0.617891977521364     
   1.64656887604788     
   4.18380430928742     
   3.02817041878942     
   1.17233463913271     
  0.963529243541487     
   2.26099164661123     
   1.62146298981821     
  0.861212555653080     
   2.27146315448367     
   1.21358516237668     
   2.70479854696769     
   2.20337296799720     
   2.17482676620413     
   1.09549259037929     
   1.93636249858888     
   2.43305434012310     
   3.93594467655436     
   4.36734239933106     
   1.48860465229638     
   1.51518899569642     
   2.85026162957221     
   1.64184390613715     
   3.16223807419369     
   1.38899791203469     
   1.57100904647668     
  0.407513656185242     
   1.63964457491462     
   3.26455140034368     
   1.93507232205076     
   1.12831097502956     
  0.941873674279847     
  0.580006079508736     
   1.48356886592238     
   2.02094514561245     
   1.28626222209826     
   1.96181373592706     
   2.74223649100778     
   3.05952856577407     
  0.503895641883364     
   1.07046995140893     
   3.59846127447881     
   1.65792808307752     
   3.67976216172624     
   3.66860294088340     
   3.33951112701388     
   3.65181823259885     
   1.67629515511774     
   2.76672258814526     
   3.31903072279354     
   1.14728824915448     
   4.05737714032812     
   4.66331732759689     
   5.70577331210929     
  0.992969718971892     
   2.36026608694556     
   1.89808481836591     
   2.15900408315766     
