 sz
  0.117000000000000     
  0.654000000000000     
   2.85500000000000     
   1.11800000000000     
   1.30500000000000     
   1.00000000000000     
   1.99800000000000     
   2.25000000000000     
   1.44500000000000     
   1.40900000000000     
   2.48700000000000     
   2.40900000000000     
  3.700000000000000E-002
   1.87000000000000     
  0.886000000000000     
   2.01000000000000     
  0.557000000000000     
   1.32900000000000     
   2.36600000000000     
  0.818000000000000     
   3.64500000000000     
   1.96800000000000     
  0.148000000000000     
  0.645000000000000     
   1.54900000000000     
   1.15900000000000     
   2.01300000000000     
   2.82300000000000     
  0.736000000000000     
  0.555000000000000     
   4.99000000000000     
  0.726000000000000     
   1.64000000000000     
   2.38000000000000     
   3.52000000000000     
  0.972000000000000     
   1.96000000000000     
  0.870000000000000     
   2.59000000000000     
   1.16700000000000     
   1.42300000000000     
  0.810000000000000     
   2.33000000000000     
   1.36000000000000     
  0.282000000000000     
  0.313000000000000     
   3.13900000000000     
   2.06000000000000     
  0.593000000000000     
   1.75800000000000     
   1.51700000000000     
   2.08700000000000     
   3.50000000000000     
  0.915000000000000     
   1.45200000000000     
   1.47000000000000     
   2.99300000000000     
   3.35000000000000     
  0.573000000000000     
   1.21000000000000     
  0.558000000000000     
   3.14000000000000     
   2.27500000000000     
   4.23300000000000     
   4.70700000000000     
   6.33000000000000     
  0.725000000000000     
   2.40000000000000     
  0.889000000000000     
   1.60000000000000     
   4.70000000000000     
   3.26000000000000     
   3.95600000000000     
   1.02000000000000     
   4.95400000000000     
   5.28300000000000     
   1.41600000000000     
   1.20800000000000     
   2.73000000000000     
   3.00000000000000     
   5.30000000000000     
   4.04200000000000     
  0.596000000000000     
   1.29300000000000     
   1.23800000000000     
  0.479000000000000     
   1.15500000000000     
   2.00600000000000     
   2.09200000000000     
   5.91300000000000     
   1.06000000000000     
   3.60000000000000     
   1.30300000000000     
   2.78000000000000     
  0.340000000000000     
   1.29700000000000     
   1.21800000000000     
   3.75800000000000     
  0.597000000000000     
   2.53900000000000     
   2.70700000000000     
   3.10000000000000     
   1.02300000000000     
   2.10000000000000     
   3.38500000000000     
   2.20000000000000     
   2.29800000000000     
   7.84000000000000     
   3.10000000000000     
   3.93000000000000     
  0.970000000000000     
   2.35900000000000     
   2.67100000000000     
   3.79600000000000     
  0.800000000000000     
   1.48000000000000     
  0.959000000000000     
  0.398000000000000     
   4.17500000000000     
   2.19700000000000     
   5.93000000000000     
  0.283000000000000     
   2.87600000000000     
   4.50000000000000     
   2.81500000000000     
   1.79800000000000     
   1.10000000000000     
   2.40000000000000     
   1.72800000000000     
   2.94300000000000     
   1.38100000000000     
  0.716000000000000     
  0.297000000000000     
   1.08000000000000     
   3.15200000000000     
   2.89300000000000     
   4.99000000000000     
  1.300000000000000E-002
   3.36000000000000     
   1.34800000000000     
   1.85800000000000     
   2.83000000000000     
   1.03600000000000     
  0.822000000000000     
   1.61300000000000     
   1.77000000000000     
   1.46100000000000     
   2.22000000000000     
   2.33900000000000     
  0.618000000000000     
  0.552000000000000     
  0.414000000000000     
   1.72700000000000     
   4.50000000000000     
   1.40800000000000     
   1.44000000000000     
   2.10600000000000     
   1.56700000000000     
   3.60000000000000     
  0.542000000000000     
   1.39800000000000     
   4.77200000000000     
  0.520000000000000     
   1.75500000000000     
   2.46500000000000     
  0.624000000000000     
   3.90000000000000     
   1.18000000000000     
   3.15500000000000     
   4.81300000000000     
   4.66700000000000     
  0.604000000000000     
   1.06300000000000     
  0.490000000000000     
   3.07600000000000     
   2.75200000000000     
   1.09200000000000     
   1.71000000000000     
  0.971000000000000     
   1.37000000000000     
   1.24000000000000     
  0.696000000000000     
   2.45200000000000     
   2.73700000000000     
   2.71000000000000     
   3.00000000000000     
   1.80000000000000     
  0.540000000000000     
   1.26600000000000     
   2.62500000000000     
   3.85000000000000     
   4.10900000000000     
   9.38000000000000     
  0.544000000000000     
   8.26000000000000     
   1.60800000000000     
   1.44900000000000     
   2.87000000000000     
   3.37400000000000     
   4.65000000000000     
   2.10000000000000     
   1.74900000000000     
   2.03000000000000     
   3.44000000000000     
   2.77000000000000     
   2.26000000000000     
   2.06300000000000     
   2.05000000000000     
   2.51200000000000     
   2.58000000000000     
  0.979000000000000     
   3.84800000000000     
   3.03800000000000     
   1.96800000000000     
  0.530000000000000     
   1.69200000000000     
  0.689000000000000     
   6.73300000000000     
   2.13000000000000     
   2.37400000000000     
   3.36000000000000     
   1.50400000000000     
   2.20500000000000     
   2.59100000000000     
  0.845000000000000     
   1.23200000000000     
   3.03700000000000     
   1.64000000000000     
   1.41700000000000     
   2.68900000000000     
   1.82000000000000     
   1.54600000000000     
  8.900000000000000E-002
   3.20000000000000     
   2.47000000000000     
  0.767000000000000     
   1.10100000000000     
   2.43300000000000     
   1.03000000000000     
   1.51200000000000     
   1.78000000000000     
   1.94900000000000     
  0.938000000000000     
   2.02700000000000     
   2.42700000000000     
   2.64200000000000     
   2.08600000000000     
   2.72000000000000     
   4.34900000000000     
   1.14000000000000     
   1.33100000000000     
   2.69200000000000     
   5.20000000000000     
   2.45200000000000     
   2.14600000000000     
  0.947000000000000     
  0.985000000000000     
   1.60400000000000     
   2.17000000000000     
   1.35000000000000     
   2.45400000000000     
   3.63000000000000     
   1.58000000000000     
  0.617000000000000     
   2.03900000000000     
   2.50000000000000     
   2.08700000000000     
   1.16000000000000     
  0.820000000000000     
   2.30900000000000     
   3.01000000000000     
   1.95900000000000     
   2.95400000000000     
   2.06000000000000     
  0.840000000000000     
   1.49600000000000     
   1.63000000000000     
   1.16500000000000     
   2.33800000000000     
   2.35200000000000     
   2.62100000000000     
   3.35500000000000     
   2.08800000000000     
   2.25400000000000     
   1.15900000000000     
   1.31500000000000     
   3.43400000000000     
  0.758000000000000     
  0.346000000000000     
   1.26200000000000     
   5.46400000000000     
   3.20900000000000     
   1.51000000000000     
   2.47000000000000     
  0.937000000000000     
   1.88400000000000     
   3.68600000000000     
  0.703000000000000     
   2.55000000000000     
   1.92300000000000     
   2.36300000000000     
  0.543000000000000     
   1.53200000000000     
   2.71100000000000     
   1.92000000000000     
   3.42400000000000     
  0.125000000000000     
   3.07500000000000     
   3.77300000000000     
  0.787000000000000     
   3.22100000000000     
   5.11000000000000     
   2.10000000000000     
   4.94100000000000     
   1.50300000000000     
  0.348000000000000     
   1.49000000000000     
   1.17200000000000     
   1.55900000000000     
   4.41000000000000     
   3.91200000000000     
   4.05600000000000     
   2.33900000000000     
  0.783000000000000     
   2.30000000000000     
   4.60000000000000     
   6.60000000000000     
   3.53300000000000     
   2.32000000000000     
   2.03000000000000     
  0.481000000000000     
   1.54900000000000     
  8.000000000000000E-002
   2.34600000000000     
  0.936000000000000     
   1.05900000000000     
   2.43000000000000     
   2.20000000000000     
   4.50000000000000     
   2.52700000000000     
   3.34700000000000     
   6.29500000000000     
  0.296000000000000     
  0.828000000000000     
   1.43400000000000     
   2.61500000000000     
   2.50400000000000     
   5.30000000000000     
   3.50000000000000     
   1.71000000000000     
   1.38000000000000     
   3.96900000000000     
  0.165000000000000     
   2.43800000000000     
   2.82100000000000     
  0.606000000000000     
   4.27500000000000     
   5.20000000000000     
  0.653000000000000     
   2.70000000000000     
   2.89800000000000     
   3.24300000000000     
   1.44400000000000     
   1.95000000000000     
  0.584000000000000     
  0.212000000000000     
   2.52000000000000     
