 index,z,bin
  0.200100002977706       -1.02966866627872     
  0.600100008938171      -0.590201428477026     
   1.00010001489863      -0.570992204718533     
   1.40010002085910      -0.571095179107137     
   1.80010002681956      -0.757003038820251     
   2.20010003278003      -0.590524404061001     
   2.60010003874049      -0.729008881601184     
   3.00010004470096      -0.678111577096922     
   3.40010005066142       -1.15767733447954     
   3.80010005662189       -1.15787614175328     
   4.400000      -1.41410420144242     
   5.400000      -1.29116694625486     
