 head
  9.995603405512217E+052
  2.095587912411944E+053
  1.101456606949034E+054
  6.053382742253283E+053
  1.010173047661365E+053
  7.081415843676040E+052
  5.379033689116998E+052
  7.320436951768180E+052
  1.198810655565058E+054
  3.486883552240011E+053
  8.965564463846450E+052
  1.716923014921587E+052
  2.891527636401966E+052
  1.459061277327805E+052
  6.455670903484635E+054
  1.066429729103351E+052
  1.904218895238675E+052
  1.107438730538716E+053
  1.305279637830692E+053
  2.692348586129858E+052
  4.755812515617883E+051
  7.595499957769098E+052
  1.747994514544648E+052
  8.086950380983126E+052
  1.156336981944508E+054
  3.625305042832070E+052
  1.313824509738633E+053
  1.715314533631079E+053
  6.651601580982843E+051
  3.845696724592844E+053
  5.083776541950938E+052
  4.943992743752776E+053
  6.470338704802379E+052
  1.752620420740549E+052
  6.332296596054411E+052
  1.016922647537573E+053
  1.848773032382376E+051
  7.217566539244899E+051
  6.520477343186329E+053
  1.467184366689218E+052
  2.139529627143421E+053
  1.233476894789087E+053
  3.377630543922668E+053
  2.373653297320629E+050
  2.058477796119015E+054
  2.849724086786621E+053
  3.247100304086298E+052
  2.036332490711683E+052
  8.663445341002358E+050
  7.443270260045365E+051
  6.564065280878963E+052
  9.637863631120525E+051
  1.082661969224625E+052
  4.043121521853479E+052
  8.926754840724038E+053
  4.686092825899569E+051
  2.507956063096856E+052
  1.990610797778879E+053
  3.125024834213008E+051
  3.436701887009132E+054
  6.463305125178590E+052
  3.000585218662826E+052
  1.044777673382436E+053
  3.813123245317984E+052
  4.997271299674742E+052
  5.981305587216591E+052
  1.091976940124468E+053
  3.930281004177058E+052
  6.850917846157193E+052
  1.305311059028014E+053
  9.202395359463283E+052
  3.863577181604085E+051
  6.389646876496227E+052
  6.386354779284387E+051
  2.784459076753334E+052
  1.673519107213521E+053
  2.591050709604211E+054
  1.064524760923975E+053
  1.896313331284190E+052
  2.551110989747200E+052
  6.999742068955106E+051
  1.043326389266419E+052
  2.615565266787849E+052
  3.356121320310053E+052
  3.694162200915337E+053
  2.788661968817681E+053
  8.157223605610867E+053
  5.362729919450772E+052
  1.788526425285799E+052
  3.987363072412181E+053
  3.247582239655754E+053
  1.486868558790787E+052
  1.054072465420738E+053
  6.940692841303646E+052
  1.022718905822813E+054
  1.897178430549583E+054
  4.170961490101240E+052
  1.726125584866232E+053
  8.260891728037208E+052
  3.052980367709477E+052
  1.052840697868126E+052
  7.375516744274586E+052
  7.902737100737225E+052
  6.488535353385665E+051
  2.474460274049177E+052
  7.709536562113014E+053
  2.772380189690186E+053
  8.193886405927042E+051
  4.386903716508417E+052
  1.727697080002029E+051
  1.891605784540546E+054
  1.066721519927869E+051
  1.285931090887647E+052
  2.592658228757688E+053
  3.220439364550282E+054
  3.376548235390294E+052
  3.885051971644536E+052
  9.382826172916168E+051
  2.563190989454583E+052
  2.586569140648555E+052
  1.580818621064231E+053
  6.990403249074392E+052
  1.980237905703002E+053
  3.337416761523085E+054
  8.291138087850800E+052
  3.139507708597900E+052
  5.788918900359803E+052
  2.193936800973462E+053
  3.943421024024560E+051
  2.686226363496513E+051
  2.955246709918159E+052
  1.343039882164336E+053
  2.133865372393677E+052
  3.325764274880779E+052
  1.125950325527959E+053
  4.313383664826498E+053
  1.704823344115930E+051
  5.584787116679731E+052
  8.244442759070883E+053
  3.963133541077478E+053
  9.011054202714701E+052
  8.456683989164263E+052
  9.087079666535840E+051
  1.912834314470833E+053
  1.368267193806518E+053
  2.553169496937497E+051
  3.885718775706802E+053
  3.425800945841999E+053
  3.711573888008938E+051
  6.436247308630077E+052
  1.430420737630070E+053
  9.098175304719353E+053
  3.176327906203146E+052
  2.707283802223589E+053
  3.402832460260577E+052
  2.442607367539971E+053
  9.386417400201884E+052
  2.784647214138807E+052
  4.085767667794325E+052
  9.049621674445534E+052
  6.008206313741200E+051
  3.897560068100490E+053
  1.784377546390880E+051
  1.501409679476852E+051
  7.484242634209874E+052
  2.378977884153502E+053
  1.036611496044468E+054
