 head
  2.663815419385634E-006
  4.098434840147805E-006
  2.819675706829788E-004
  1.393228960481022E-006
  2.208623463466776E-006
  4.089316470901114E-006
  2.147716734038263E-006
  2.296878147114308E-006
  3.109816358329136E-005
  4.185323443835619E-006
  5.686361973070819E-006
  1.208789749203228E-006
  2.093877438047076E-006
  2.779934031430345E-007
  6.298095664509314E-005
  7.875771766593385E-007
  8.683218838024479E-007
  5.620253944178610E-006
  1.123721435469294E-006
  9.746511231910568E-007
  3.255161810315521E-007
  1.644948534383653E-006
  6.314302645385311E-007
  8.227559865473171E-006
  6.075675058867538E-005
  9.205381466252770E-007
  2.446974775161952E-006
  3.453499065094846E-006
  3.452281084341457E-007
  6.068399285335256E-006
  4.210756514151915E-007
  6.191425231201448E-006
  1.488202784739833E-006
  1.617462353373872E-006
  7.274507530276865E-007
  1.050642058125233E-005
  1.030584905551637E-007
  1.169361483714369E-006
  8.013627231206613E-006
  4.704360691966656E-007
  3.485590303334126E-006
  1.898891735077045E-005
  3.421437774815158E-006
  5.655830859381265E-007
  1.354625099999473E-005
  9.249720762118660E-006
  1.391996403762434E-006
  4.667202983136099E-007
  1.499884704819114E-007
  2.156759572187139E-006
  1.069136599004156E-005
  1.500150016173383E-007
  7.206984960867427E-007
  1.697650169456105E-006
  6.758094832866079E-006
  1.667054004961877E-006
  4.466834096017310E-006
  1.176994571186309E-005
  2.601391216310614E-007
  1.361273877298772E-005
  2.158003769925021E-006
  9.248057371963381E-007
  3.363147181651201E-006
  3.238661835016759E-006
  3.105606450236664E-006
  1.433010187173694E-006
  3.788545543432174E-006
  2.309829761171702E-006
  3.056119582474370E-006
  3.240963025699655E-006
  4.495148046968982E-007
  5.122810295050304E-007
  2.726717378605225E-006
  3.121173158313627E-007
  3.014205401815850E-006
  1.222037697531464E-006
  2.297843730535428E-005
  1.960382465401324E-006
  1.543874053168201E-006
  2.152096969746178E-006
  2.510545311929417E-007
  3.790068387043556E-007
  9.348457801432769E-006
  3.503930040642786E-006
  2.432790271488295E-004
  1.560656325267463E-006
  1.589870339160434E-005
  3.661816034802791E-007
  3.914326895656224E-006
  5.570919018568555E-006
  5.910932898595479E-006
  6.159404178883839E-007
  1.193901740270079E-005
  7.165060056191945E-007
  1.308093543245353E-005
  4.669174510641030E-006
  1.564493131697043E-006
  2.159378539322007E-006
  3.295415687462832E-006
  6.785910083736434E-006
  8.648880385760191E-007
  2.278589816720528E-006
  9.544804045494093E-007
  4.798951676328765E-006
  1.361133154108596E-006
  3.869493240966273E-006
  7.044170723445209E-006
  3.064180560849437E-007
  2.173119427483042E-006
  8.615512744268772E-008
  2.670647613761195E-005
  4.384432416090342E-008
  6.134085727646386E-007
  1.089525092233433E-005
  4.485146837341114E-005
  5.992976897622366E-006
  8.020916421529725E-007
  9.372178213635294E-007
  3.081097516027134E-006
  7.485536076768204E-006
  8.421527287926939E-006
  1.412514640330111E-006
  7.243454953232663E-006
  8.095705367287030E-006
  1.498018374206528E-006
  6.017666224496418E-006
  4.256899728883619E-006
  7.447485406414140E-005
  9.171766736828309E-007
  2.182023994965572E-007
  2.390332090733780E-006
  3.151963050008186E-006
  4.358265101342670E-006
  1.263308655656171E-006
  2.413633997631881E-006
  2.924600160820169E-006
  8.555185313018733E-008
  3.675965617241041E-006
  8.549185680804158E-006
  1.019145731451736E-005
  1.278803216194635E-005
  6.538770543956480E-006
  5.452566863671372E-007
  3.217680659002887E-006
  2.186454536628645E-006
  7.356250230863378E-007
  3.285831677043013E-006
  9.293907676311724E-006
  9.065262461241531E-006
  2.007573987156105E-006
  1.355962520464583E-006
  4.103297869327007E-005
  1.417206580226738E-006
  7.802747354783937E-006
  2.949681734248510E-006
  1.817688270647743E-006
  9.441127891035554E-007
  3.052952722207122E-006
  1.292745806621400E-006
  3.593920832467897E-006
  2.409340801662230E-007
  5.838927038860449E-006
  5.536847919242138E-008
  5.779636111398200E-007
  4.855049045950223E-006
  1.946061938976957E-005
  8.897974223675668E-004
