 head
  4.278861600458641E+052
  7.094678326441437E+051
  1.136654036588744E+053
  8.515698054775685E+053
  7.740099619491253E+051
  4.143268941706699E+051
  2.513481052321671E+051
  1.235753872007501E+052
  1.933381379292281E+052
  8.433743519982046E+051
  1.164553929948828E+052
  1.258117854045431E+051
  7.876188589990618E+051
  5.462572871134681E+051
  2.774088994376903E+053
  1.401268072151440E+051
  1.651061892834278E+051
  2.076765366486992E+051
  7.902874403037615E+052
  2.489143427607762E+051
  6.467978688207006E+050
  3.073391277768224E+052
  3.882698425135913E+051
  3.969748314823751E+051
  1.060309311830317E+053
  5.426279746807376E+051
  8.518138383682653E+052
  7.812646572840650E+051
  4.735066519434944E+051
  4.509247168161185E+052
  2.107485965281305E+052
  7.321970752569514E+052
  5.114886167927268E+052
  1.016387727713866E+051
  1.495505872815518E+052
  7.179087021136588E+050
  8.591006731207958E+050
  1.075031166228129E+051
  2.842302263043271E+053
  7.615372539556728E+051
  4.031254085416063E+053
  7.847637014520160E+051
  2.635692239455351E+052
  2.865834967228336E+049
  3.382169474412483E+053
  8.462249967899748E+051
  5.694218596730016E+051
  1.165703802368875E+052
  1.867619024407771E+050
  3.333730811634217E+050
  8.254143744123807E+050
  1.735296520416452E+052
  1.416727841319774E+051
  1.866306291805128E+051
  3.788885729451267E+052
  2.189004337278990E+050
  2.532099686463751E+051
  4.666938552302286E+052
  3.152145603407589E+051
  2.078218999570435E+053
  3.189495537662651E+051
  1.163803104567804E+052
  3.293793689785350E+051
  5.999123664098279E+050
  1.389221996384762E+051
  6.363309385362569E+052
  5.629359142197854E+051
  1.300368295828154E+052
  1.480686432658996E+051
  2.122514801060751E+052
  9.161558233860368E+052
  9.247208592149461E+050
  3.963662054742895E+052
  1.184965628120685E+051
  8.699101375142649E+051
  1.270143851032705E+053
  6.363368516907451E+053
  1.675049598196624E+052
  1.236784454470088E+051
  6.053935942640961E+050
  2.743514412230099E+051
  8.753735046909755E+051
  1.322999619592515E+051
  6.027008141028940E+050
  1.390896164865183E+052
  1.277363933259691E+053
  1.428998214017924E+054
  6.313221005778565E+052
  1.782448577582452E+051
  4.730862004156210E+052
  8.084021790210039E+052
  2.320741711812703E+051
  4.294846850102709E+051
  2.648516197210420E+052
  2.562963255970578E+052
  1.090641132660246E+053
  1.875910973978778E+051
  1.971423952517246E+052
  1.140794532911947E+052
  1.348047509047217E+051
  7.241082327242526E+050
  2.180756207560005E+051
  1.731264991383326E+052
  3.675739139790449E+050
  1.340009853768896E+051
  6.098637100130518E+052
  5.080073195233066E+052
  5.641864152816201E+051
  3.380045931783180E+051
  9.330106169545501E+050
  8.954522631231731E+053
  1.280857520802066E+051
  1.192831956503442E+051
  5.284635216825408E+051
  3.128481961192177E+052
  4.011716351454732E+051
  6.766084872890796E+052
  1.203552362003593E+052
  1.111410677665135E+052
  6.297042237399817E+050
  7.407058554207712E+051
  1.723901809730161E+053
  4.774771803600085E+051
  1.148318681208983E+053
  5.348785855495308E+051
  1.188462387281190E+051
  6.973188388307001E+051
  4.675360623693600E+051
  2.687442072832450E+050
  9.158087498717982E+050
  5.875916785328802E+050
  5.049021595267080E+051
  7.358019659533811E+050
  3.415444817578380E+051
  3.625568098304517E+051
  3.226757790270688E+052
  1.287099472855139E+051
  2.409480977251640E+051
  3.332220331259384E+052
  4.094901244658717E+051
  4.014604547620756E+051
  7.379934533491301E+050
  2.252265887276609E+051
  1.547086089626834E+052
  3.711083588678564E+052
  1.228324818039911E+050
  3.142514197829519E+052
  1.166560343521888E+052
  9.756397963883308E+049
  5.400873419775234E+052
  6.172527750019546E+052
  5.969284294311726E+052
  4.129820948015602E+051
  2.245557042500787E+052
  9.226549290469994E+051
  1.793438722786350E+052
  1.188112041189463E+052
  4.713091078770829E+050
  1.366610239252765E+052
  1.230289079405609E+052
  2.278171251389681E+051
  9.948306139266464E+051
  2.057360109997732E+051
  7.890843962941073E+049
  3.168306782973030E+052
  5.780724847781380E+052
  1.082470926328751E+052
