 Lp
   1.00000000000000     
   1.00000000000000     
   1.00000000000000     
   1.00000000000000     
   1.00000000000000     
   1.00000000000000     
   1.00000000000000     
   1.00000000000000     
   1.00000000000000     
   1.00000000000000     
   1.00000000000000     
   1.00000000000000     
   1.00000000000000     
   1.00000000000000     
   1.00000000000000     
   1.00000000000000     
   1.00000000000000     
   1.00000000000000     
   1.00000000000000     
   1.00000000000000     
   1.00000000000000     
   1.00000000000000     
   1.00000000000000     
   1.00000000000000     
   1.00000000000000     
   1.00000000000000     
   1.00000000000000     
   1.00000000000000     
   1.00000000000000     
   1.00000000000000     
   1.00000000000000     
   1.00000000000000     
   1.00000000000000     
   1.00000000000000     
   1.00000000000000     
   1.00000000000000     
   1.00000000000000     
   1.00000000000000     
   1.00000000000000     
   1.00000000000000     
   1.00000000000000     
   1.00000000000000     
   1.00000000000000     
  0.994011976047904     
  0.994011976047904     
  0.994011976047904     
  0.994011976047904     
  0.994011976047904     
  0.988023952095808     
  0.982035928143713     
  0.982035928143713     
  0.976047904191617     
  0.976047904191617     
  0.970059880239521     
  0.964071856287425     
  0.958083832335329     
  0.952095808383233     
  0.946107784431138     
  0.940119760479042     
  0.910179640718563     
  0.880239520958084     
  0.868263473053892     
  0.838323353293413     
  0.796407185628742     
  0.754491017964072     
  0.730538922155689     
  0.700598802395210     
  0.664670658682635     
  0.646706586826347     
  0.616766467065868     
  0.562874251497006     
  0.514970059880239     
  0.514970059880239     
  0.467065868263473     
  0.431137724550898     
  0.389221556886228     
  0.353293413173653     
  0.323353293413174     
  0.305389221556886     
  0.287425149700599     
  0.269461077844311     
  0.233532934131737     
  0.209580838323353     
  0.179640718562874     
  0.149700598802395     
  0.125748502994012     
  0.107784431137725     
  8.982035928143713E-002
  6.586826347305390E-002
  6.586826347305390E-002
  5.988023952095808E-002
  5.389221556886228E-002
  5.389221556886228E-002
  4.191616766467066E-002
  3.592814371257485E-002
  2.994011976047904E-002
  2.994011976047904E-002
  2.395209580838323E-002
  2.395209580838323E-002
  1.197604790419162E-002
