 fluence
  2.395209580838323E-002
  1.425719988594240E-004
  4.776161961790704E-002
  0.000000000000000E+000
  7.214143142286854E-002
  4.804676361562589E-002
  0.120330767037354     
  0.265183917878529     
  0.551896207584830     
  0.623182207014542     
  0.670658682634730     
  0.526233247790134     
  0.477758768177930     
  0.238665526090676     
  0.167094382663245     
  7.171371542629028E-002
  4.761904761904762E-002
  4.761904761904762E-002
  0.000000000000000E+000
  0.000000000000000E+000
