 z
   1.00000000000000     
   1.00000000000000     
   1.00000000000000     
   1.00000000000000     
   1.00000000000000     
   1.00000000000000     
  0.988023952095808     
  0.988023952095808     
  0.982035928143713     
  0.982035928143713     
  0.976047904191617     
  0.976047904191617     
  0.964071856287425     
  0.964071856287425     
  0.964071856287425     
  0.958083832335329     
  0.952095808383233     
  0.940119760479042     
  0.940119760479042     
  0.922155688622755     
  0.910179640718563     
  0.880239520958084     
  0.868263473053892     
  0.868263473053892     
  0.850299401197605     
  0.832335329341317     
  0.826347305389222     
  0.814371257485030     
  0.802395209580838     
  0.790419161676647     
  0.778443113772455     
  0.778443113772455     
  0.754491017964072     
  0.730538922155689     
  0.718562874251497     
  0.694610778443114     
  0.664670658682635     
  0.652694610778443     
  0.640718562874252     
  0.634730538922156     
  0.616766467065868     
  0.610778443113772     
  0.586826347305389     
  0.562874251497006     
  0.544910179640719     
  0.538922155688623     
  0.508982035928144     
  0.479041916167665     
  0.449101796407186     
  0.443113772455090     
  0.431137724550898     
  0.419161676646707     
  0.407185628742515     
  0.395209580838323     
  0.377245508982036     
  0.365269461077844     
  0.341317365269461     
  0.329341317365269     
  0.317365269461078     
  0.293413173652695     
  0.293413173652695     
  0.269461077844311     
  0.263473053892216     
  0.245508982035928     
  0.227544910179641     
  0.203592814371257     
  0.203592814371257     
  0.197604790419162     
  0.185628742514970     
  0.185628742514970     
  0.185628742514970     
  0.173652694610778     
  0.167664670658683     
  0.155688622754491     
  0.155688622754491     
  0.155688622754491     
  0.149700598802395     
  0.149700598802395     
  0.149700598802395     
  0.149700598802395     
  0.143712574850299     
  0.131736526946108     
  0.131736526946108     
  0.131736526946108     
  0.125748502994012     
  0.125748502994012     
  0.125748502994012     
  0.125748502994012     
  0.125748502994012     
  0.119760479041916     
  0.119760479041916     
  0.119760479041916     
  0.119760479041916     
  0.119760479041916     
  0.113772455089820     
  0.113772455089820     
  0.113772455089820     
  0.113772455089820     
  0.113772455089820     
  0.107784431137725     
