 t90
  0.000000000000000E+000
  0.133067199522975     
  0.133067199522975     
  0.177422932697300     
  0.266134399045950     
  0.354845865394601     
  0.665335997614876     
  0.487913064917576     
  0.532268798091901     
  0.754047463963526     
  0.443557331743251     
  0.842758930312177     
  0.620980264440551     
  0.576624531266226     
  0.487913064917576     
  0.532268798091901     
  0.177422932697300     
  0.133067199522975     
  8.871146634865017E-002
  0.000000000000000E+000
