 head
   35.7928244650474     
   4.16708995128919     
   2023.76798762341     
   18.5051114421793     
   4.88512550898801     
   9.68664743270264     
   3.48204270690719     
   12.5964831455893     
   20.6876568707738     
   2.59950046354434     
   31.4314783971254     
   3.49610336747716     
   23.3345994535146     
   2.36566068707287     
   94.0336399828601     
   4.07985538051420     
   2.55449997181733     
   4.25014797984615     
   12.6090844112883     
   2.84917589358203     
   1.67406829589590     
   18.5262791745675     
   4.31687850166699     
   19.5810022943743     
   282.434528148056     
   3.82992460399380     
   43.9685525765194     
   4.66574723285952     
   8.44741092422287     
   21.0531569610288     
   2.77175151642924     
   25.2740074729551     
   33.0697465736150     
   4.04240136828948     
   3.40011947932804     
   3.67094589741838     
   1.68488606994652     
   8.59979365131440     
   99.2811443547723     
   7.08389444576978     
   182.234338874810     
   66.8494266493382     
   6.26064157708302     
   5.44565628510091     
   54.9683788977576     
   10.4446878204817     
   8.36089624351560     
   6.77919439955345     
   1.63267187881066     
   5.48378945255703     
   7.24511163528619     
   5.42355214229430     
   3.59037741169297     
   2.70707196699987     
   6.70654674134630     
   4.59376855174206     
   23.6357906326532     
   123.230021659106     
   10.5760934981846     
   16.2711969809117     
   3.50430175606350     
   10.6888884784568     
   3.60772321796804     
   2.23032723716672     
   3.48443493084478     
   43.2890749605674     
   6.87063837123413     
   29.7457797523887     
   2.43898695433568     
   16.5481697559964     
   5.43890207066970     
   5.69494094321180     
   61.0789327923383     
   1.94405370042151     
   43.4677384380648     
   16.1847512626129     
   167.390933191017     
   8.28765794903402     
   4.18616384093206     
   2.17827590256090     
   2.92082768154861     
   9.59594791838152     
   28.8926398225851     
   2.90365470494284     
   688.329265349807     
   11.4877495735457     
   991.231258032197     
   6.09203620537967     
   21.2079191815736     
   18.5995449862374     
   45.3111895405933     
   3.10414840698884     
   24.7241333031604     
   5.15296549459835     
   10.1007233717454     
   3.33138267628223     
   2.33256332360264     
   5.84465894154998     
   16.4105662786506     
   16.6792556954776     
   2.42798196926998     
   2.17672864078008     
   4.37481256791371     
   18.3536703740594     
   2.72046213751103     
   5.48368347819490     
   44.6663100208037     
   6.39746759103920     
   6.18785970775204     
   1.57163125386916     
   440.111315585787     
   1.66663231374471     
   1.92979053698864     
   9.13509325934100     
   16.0947648090501     
   37.7874815486822     
   35.4985394373809     
   52.0267676775764     
   63.2578389151552     
   10.6693346868772     
   16.7051508792677     
   93.0617606076052     
   6.66400346998112     
   3.74560804557998     
   2.49737558251359     
   12.2708643788562     
   22.0814743214692     
   105.963937570519     
   3.35576782128672     
   2.97504656308849     
   2.01693938253953     
   3.64575087511181     
   8.08790983032584     
   4.24640994898735     
   2.25228924659905     
   4.26687740052397     
   2.18746097082464     
   6.57672660904100     
   9.37407135554847     
   3.81773321993154     
   30.3011425023218     
   2.56771241522739     
   4.93516849003731     
   7.22101499528958     
   15.3754683887580     
   1.99337863578149     
   5.78004250334756     
   11.5089790345948     
   18.7296968985051     
   53.9155257246677     
   11.6214081511425     
   128.079615226293     
   6.39802453580313     
   23.4327737875733     
   34.9621270492905     
   2.50363930831753     
   2.31075518102997     
   2.39382852270166     
   13.3558320030455     
   17.7430026609790     
   2.83217786297276     
   4.31602513418895     
   1.77549473387688     
   1.82223831078039     
   86.7944882278982     
   235.072265556071     
   746.883920089995     
