 head
   14.8846337733806     
   196.704889409928     
   27.8656024215606     
   15.0577743326138     
   90.4223835970309     
   84.4320287139875     
   123.359586014147     
   36.4685622259348     
   300.644618939179     
   322.009824774492     
   36.1825931394361     
   69.1506870447888     
   17.9465470767419     
   23.5023902339103     
   133.954096973324     
   38.6080928466674     
   67.9837066652777     
   264.473329908953     
   17.8239973469172     
   68.4163533312582     
   38.8892355024676     
   17.7580022289830     
   29.2540206676977     
   84.0361462787528     
   43.0235998318349     
   48.0708234133566     
   11.1305677888915     
   148.036269122032     
   8.17358387157910     
   57.6483545585907     
   30.3833622111732     
   48.9944084872706     
   9.00038820332062     
   80.0248271268665     
   42.7897170937917     
   572.409448400809     
   12.2332889319258     
   27.1951056299041     
   16.1433014965473     
   13.2818486440772     
   3.82539352885478     
   56.8110103632682     
   109.299909048915     
   20.7718980533361     
   49.2874313255301     
   177.118185265054     
   33.2977796451431     
   13.7691964798753     
   18.3733758667017     
   78.6594595159544     
   295.133229913834     
   5.53198338216319     
   40.1461135389058     
   125.423349667171     
   201.537246917314     
   72.5789288765841     
   37.7972048021641     
   19.1023998103685     
   4.91938014117813     
   167.323139028521     
   123.163124647643     
   17.3040581171795     
   186.441529932299     
   290.420327658373     
   178.255958964556     
   6.62065515827743     
   110.282199083392     
   15.5304704089071     
   250.605652239479     
   39.1700480897625     
   16.5296156781712     
   17.9907407157805     
   8.92850367204603     
   32.1099479673518     
   13.8687012949186     
   15.1010995189576     
   27.4548171365202     
   47.3084791253920     
   73.7608040121265     
   197.596362078473     
   17.1906431029052     
   7.89931004061306     
   64.7116903047756     
   241.346192760325     
   70.6868178923631     
   27.1707929438397     
   3.20786965963253     
   12.0216489572704     
   36.9138232010726     
   59.9038204718527     
   26.0903894094416     
   39.6849851960443     
   96.5778436502334     
   27.8094625850020     
   259.009873867938     
   280.314509881030     
   134.143679261894     
   73.8923711688589     
   40.1621203254883     
   81.3694592568224     
   71.2433658505351     
   209.359106508007     
   43.6352593274454     
   52.2941905190961     
   100.066318537622     
   141.127519717459     
   31.5413147858613     
   9.57935469697845     
   70.2381608542482     
   10.9637839322149     
   12.1362369890743     
   5.26142734655023     
   63.5725547418052     
   238.536172823271     
   557.342327216751     
   31.7193771694021     
   4.51901207692139     
   3.60282932498023     
   9.74139353751767     
   140.318703957709     
   100.825516019477     
   3.03564994065818     
   217.390491642502     
   432.277230760459     
   119.967407761614     
   98.0805595873979     
   38.5562998820667     
   140.566414898612     
   54.6627015054429     
   14.6688392849915     
   237.025674784941     
   172.911598075747     
   107.772346447317     
   59.5000798713480     
   214.327178560788     
   137.083861863996     
   7.82202327458537     
   111.787089102585     
   182.400695632511     
   533.900968318583     
   84.4062705620191     
   509.307078563736     
   22.0967809900657     
   89.1198996568170     
   28.4408185994166     
   73.8068533375186     
   113.695761757461     
   161.507074578470     
   96.8009520961878     
   7.44710901052233     
   23.3355975941913     
   64.0741754584011     
   44.3013799742748     
   66.5968734689176     
   16.8735828348772     
   145.203685260018     
   81.7146530151010     
   255.068622773496     
   19.3585215256769     
   40.5108526571070     
   17.0140500931201     
   270.569649495689     
   6.23696349372115     
   63.4344704225104     
   11.1874593538756     
   16.5571377327179     
   238.269267401111     
