 head
   2.18586509017983     
   2.32975273271986     
  0.437802872787591     
   9.59138873694938     
   2.46415031807247     
   1.47001877857772     
   1.88213459878612     
   2.07810635308867     
   1.42432241214713     
   2.89423425298760     
   1.34991233436473     
   1.53359391290268     
   1.44421646772589     
   3.39952458794969     
   1.87809425016392     
   1.53651442548309     
   1.94727952992492     
   1.47981688182071     
   4.39580976789257     
   2.16263126388452     
   1.64449813364798     
   2.59273842831902     
   2.24899589301492     
   1.06259674140479     
  0.972535871569358     
   2.59756947923587     
   2.60823367245600     
   2.37126231934880     
   1.90925898544189     
   2.37976052401790     
   5.29773052667781     
   2.62799506973930     
   2.55746145815920     
   1.32041836445689     
   4.05284869708669     
   1.02049647126104     
   1.84232476670100     
   1.02530769630228     
   2.51846498052581     
   2.44695008122585     
   2.60386065607079     
  0.807217425970939     
   3.26454164105874     
  0.253949594158271     
   3.04907077491186     
   1.62976048194152     
   1.91960238873102     
   2.94110607314063     
  0.980416852683493     
  0.761520505458802     
  0.855612337123285     
   3.98016566818415     
   1.62667935090053     
   1.89477307765669     
   3.27703915041074     
  0.695181849875191     
  0.908053570734936     
   1.23925556457279     
   1.48103668069095     
   4.05912555161223     
   2.03891143045326     
   2.35576480766803     
   1.93890245958647     
   1.28456746360060     
   1.47772318461416     
   2.52174592082001     
   1.84263377192294     
   1.56919687391013     
   1.70816551556514     
   2.18464347075596     
   7.22813141054446     
   1.15298057093592     
   1.76929006364178     
   1.97894385585004     
   1.16640351286363     
   4.73060941317050     
   2.37131802084010     
   2.72203878477659     
   1.40535712760175     
   1.34453875846559     
   2.36889392807046     
   2.31384636008010     
  0.636616427498823     
   1.16707819793361     
  0.330721535300350     
   5.22287522342526     
   1.80980406817835     
   6.07618394559278     
  0.839419052680979     
   2.55368576961115     
   2.24726613425728     
   2.09706597575881     
  0.967545217232066     
   4.30594090360731     
   2.24543130022136     
   7.05729523472352     
   2.01658982724350     
   3.21965793531391     
   1.77311026495894     
  0.796439604129753     
   1.44993890546868     
   2.09511310838639     
   3.77962229418537     
  0.481226443302043     
   1.70947677513868     
   4.58195373135633     
   1.88979463173787     
   2.29791110070189     
   1.70587440702129     
   1.96039361562741     
   1.87253849784176     
   2.15880886486579     
   1.94850071632707     
   1.43105058238362     
   1.70713902596636     
  0.884308103683015     
   2.93508497147927     
   1.31070770366200     
   1.11195514448166     
  0.708040182713508     
   1.36213216039833     
   2.74310482524797     
   1.62087193381161     
   6.43677003822837     
   2.86967366214794     
  0.856422516082494     
   1.32219821404822     
  0.497761195625934     
  0.862632000811359     
   1.50050620271858     
   1.35639064641966     
   2.25021767540394     
  0.858109359129583     
   2.05522614721965     
   2.45067523660622     
   4.12748753139065     
   1.95271708594543     
   1.41145149374240     
   2.68611514558567     
   1.75826150826331     
  0.880233932806133     
   1.22229712146045     
   1.73838394010248     
   2.60397542079181     
   2.85693143965724     
  0.775416591116459     
   3.59748332521663     
   1.74983502223255     
  0.272275105426835     
   2.12456087999977     
   4.03486910963277     
   1.10194328216786     
   1.88000440204013     
   1.76193944099679     
   1.28757873846220     
   4.33065435110984     
   4.17163040217944     
   1.15855287586207     
   2.23752546459242     
   1.75370957010212     
   2.22566484636199     
   2.45307020051774     
   2.59556191609999     
  0.666938460628019     
   1.36799533950847     
   1.01162562580353     
  0.244051197500369     
